#idsala	idzona	x	y	z
#x	y	flags
1	0	13	21	20
0	0	5	0	0
1	0	1	0	0
2	0	8	1	0
0	1	4	0	0
1	1	0	0	4
2	1	8	0	0
0	2	6	0	0
1	2	2	0	0
2	2	10	0	0
[F]
2	0	14	18	20
0	0	5	0	0
1	0	8	1	0
0	1	4	0	0
1	1	8	0	0
0	2	6	0	0
1	2	8	2	0
[F]
3	0	14	15	20
0	0	5	0	0
1	0	8	1	0
0	1	4	0	0
1	1	8	0	0
0	2	6	0	0
1	2	8	2	0
[F]
4	0	15	13	20
0	0	5	0	0
1	0	1	0	0
2	0	0	1	0
3	0	9	0	0
0	1	4	2	0
1	1	2	0	0
2	1	0	2	0
3	1	2	8	0
[F]
5	0	19	12	20
0	0	1	4	0
1	0	8	1	0
0	1	4	0	0
1	1	8	0	0
0	2	0	6	0
1	2	10	0	0
[F]
6	0	17	15	20
0	0	6	1	0
1	0	3	0	0
2	0	10	1	0
[F]
7	0	16	12	20
0	0	7	0	0
1	0	1	2	0
2	0	3	8	0
[F]
8	0	18	8	20
1	0	1	64	0
2	0	1	0	0
3	0	8	1	0
0	1	4	16	0
1	1	16	0	0
2	1	0	0	0
3	1	8	0	0
0	2	4	0	0
1	2	0	0	8
2	2	0	0	0
3	2	8	0	0
0	3	6	0	0
1	3	2	0	0
2	3	0	2	0
3	3	10	0	0
[F]
9	2	19	14	20
0	0	5	0	2
1	0	1	0	0
2	0	9	0	16
0	1	4	0	2
1	1	0	0	0
2	1	8	0	0
0	2	4	2	0
1	2	2	0	0
2	2	10	0	0
[F]
10	2	19	21	20
0	0	7	0	2
1	0	3	0	0
2	0	41	0	0
2	1	12	0	0
2	2	26	0	0
1	2	3	0	0
0	2	3	4	0
[F]
11	2	19	10	20
0	0	5	0	0
1	0	0	1	0
2	0	9	0	2
0	1	4	0	0
1	1	0	0	0
2	1	8	0	0
0	2	2	4	0
2	2	2	8	0
1	2	2	0	0
[F]
12	2	19	9	20
0	0	7	0	0
1	0	1	2	0
2	0	3	0	0
3	0	40	1	0
3	1	6	128	0
[F]
13	0	20	5	20
0	0	1	4	0
1	0	0	24	0
0	1	4	0	0
1	1	8	0	0
0	2	6	0	0
1	2	8	2	0
[F]
14	0	17	5	20
0	0	17	4	0
1	0	1	0	0
2	0	65	8	0
0	1	6	0	0
1	1	2	0	0
2	1	10	0	0
[F]
15	0	22	5	20
0	0	1	4	0
3	0	9	0	0
1	0	1	0	0
2	0	1	0	0
0	1	6	0	0
1	1	2	0	0
2	1	0	2	0
3	1	2	8	0
[F]
16	1	20	19	20
0	0	5	0	0
1	0	9	0	0
0	2	6	0	0
0	1	0	4	0
1	1	64	0	0
2	1	1	8	0
1	2	0	32	8
2	2	2	8	0
[F]
17	1	23	20	20
0	0	1	4	0
1	0	0	1	0
2	0	1	8	0
0	1	2	4	0
1	1	2	0	0
2	1	10	0	0
[F]
18	1	26	20	20
0	0	1	4	0
1	0	8	1	0
0	1	6	0	0
1	1	8	32	0
[F]
19	1	17	15	20
0	0	5	0	0
1	0	0	16	0
2	2	8	0	0
0	3	4	0	0
1	3	0	0	0
2	3	8	0	0
0	4	4	0	0
1	4	0	0	0
2	4	8	0	0
0	5	6	0	0
1	5	2	0	0
2	5	2	8	0
2	0	129	0	0
3	0	3	8	0
0	1	4	0	0
0	2	4	0	0
1	1	0	0	0
1	2	0	0	0
2	1	8	0	0
[F]
20	0	26	5	20
0	0	5	0	0
1	0	8	16	0
0	1	2	4	0
1	1	10	0	0
[F]
21	3	14	14	20
0	0	4	1	0
1	0	1	0	0
2	0	0	1	0
3	0	1	0	0
4	0	0	1	0
0	1	4	0	4
1	1	0	0	0
2	1	0	0	0
3	1	0	0	0
4	1	0	0	0
0	2	4	0	0
1	2	0	0	0
2	2	0	0	0
3	2	0	0	0
4	2	0	0	0
0	3	0	64	0
1	3	0	0	0
2	3	0	0	0
3	3	0	0	0
4	3	0	0	0
0	4	6	0	8
1	4	2	0	0
2	4	2	32	0
3	4	2	0	0
4	4	2	0	0
5	0	9	0	0
5	1	8	0	0
5	2	8	0	0
5	3	192	0	0
5	4	10	0	0
6	3	3	8	0
[F]
22	3	21	16	20
1	0	1	0	0
2	0	0	1	0
3	0	0	1	0
4	0	1	8	0
0	1	0	4	0
1	1	0	0	16
2	1	0	0	0
3	1	0	0	0
4	1	8	0	0
0	2	4	2	0
1	2	2	0	0
2	2	2	0	0
3	2	0	2	0
4	2	10	0	0
0	0	5	0	0
[F]
23	3	24	14	20
0	0	5	0	0
0	1	4	2	0
1	0	9	0	1
1	1	10	0	0
[F]
24	3	26	16	20
0	0	3	4	0
1	0	41	0	0
1	1	12	0	0
1	2	12	0	0
1	3	12	0	0
1	4	12	0	0
1	5	56	0	0
0	5	3	4	0
1	6	10	4	0
[F]
25	3	23	19	20
0	0	5	0	0
1	0	0	1	0
0	1	4	0	0
1	1	0	0	0
0	2	2	4	0
1	2	2	0	0
2	0	9	0	0
2	1	8	0	0
2	2	2	8	0
[F]
26	3	21	19	20
0	0	12	1	0
0	1	12	0	0
0	2	70	0	0
1	2	3	8	0
[F]
27	3	22	13	20
0	0	1	4	0
1	0	1	8	0
0	1	4	0	0
1	1	8	0	0
0	2	6	0	0
1	2	8	2	0
[F]
28	3	19	11	20
2	0	11	0	0
1	0	3	0	0
0	0	129	4	0
0	1	12	0	0
0	2	70	0	0
1	2	3	0	0
2	2	3	8	0
[F]
29	3	14	8	20
0	3	1	64	0
1	3	1	0	0
2	3	80	0	0
3	3	1	0	0
4	3	1	8	0
0	4	4	0	0
1	4	0	0	0
2	4	0	0	0
3	4	0	0	0
4	4	8	0	0
0	5	4	2	0
1	5	2	0	0
2	5	0	2	0
3	5	2	0	0
4	5	8	2	0
2	0	12	1	0
2	1	12	0	0
2	2	12	0	0
[F]
30	4	24	20	20
0	0	5	0	0
1	0	0	1	0
2	0	9	0	0
0	1	4	0	0
1	1	0	0	0
2	1	0	128	0
0	2	6	0	0
1	2	2	0	0
2	2	10	0	0
[F]
31	4	24	16	20
0	0	3	4	0
1	0	33	0	0
2	0	9	0	0
1	1	4	0	0
2	1	8	0	0
1	2	4	0	0
2	2	8	0	0
1	3	4	2	0
2	3	10	0	0
[F]
32	4	16	10	20
0	0	1	4	0
1	0	1	0	0
2	0	1	0	0
3	0	1	0	0
4	0	0	1	0
5	0	1	0	0
6	0	1	0	0
7	0	1	8	0
0	1	4	0	0
1	1	0	0	0
2	1	0	0	0
3	1	0	0	0
4	1	0	0	0
5	1	0	0	0
6	1	0	0	0
7	1	8	0	0
0	2	4	0	0
1	2	0	0	0
2	2	0	0	0
3	2	0	0	0
5	2	0	0	0
6	2	0	0	0
7	2	8	0	0
0	3	4	0	0
1	3	0	0	1
2	3	0	0	0
3	3	0	0	0
4	3	0	0	0
5	3	0	0	0
6	3	0	0	8
7	3	8	0	0
0	4	4	0	0
1	4	0	0	0
2	4	0	0	0
3	4	0	0	0
4	4	0	0	0
5	4	0	0	0
6	4	0	0	0
7	4	0	8	0
0	5	4	0	0
1	5	0	0	0
2	5	0	0	0
3	5	0	0	0
4	5	0	0	0
5	5	0	0	0
6	5	0	0	0
7	5	8	0	0
0	6	2	4	0
1	6	2	0	0
2	6	0	2	0
3	6	2	0	0
4	6	2	0	0
5	6	2	0	0
6	6	2	0	0
7	6	2	8	0
4	2	0	0	0
[F]
33	4	13	16	20
0	0	0	0	0
0	0	5	0	0
1	0	129	0	0
2	0	3	8	0
0	1	4	0	0
1	1	8	0	0
0	2	0	64	0
1	2	8	0	0
0	3	4	2	0
1	3	10	0	0
[F]
34	4	13	20	20
0	0	4	1	0
1	0	9	0	0
0	1	4	0	1
1	1	8	0	0
0	2	6	0	0
1	2	10	0	0
[F]
35	4	13	7	20
0	0	5	0	0
1	0	8	1	0
0	1	4	0	0
1	1	8	0	0
0	2	4	0	0
1	2	8	0	0
0	3	6	0	0
1	3	66	0	0
2	3	3	8	0
[F]
36	4	13	3	20
0	0	4	1	0
1	0	8	1	0
0	1	4	0	0
1	1	8	0	0
0	2	0	4	0
1	2	8	0	0
0	3	6	0	0
1	3	8	2	0
[F]
37	4	24	7	20
1	0	5	0	0
2	0	8	1	0
1	1	4	0	0
2	1	8	0	0
1	2	4	0	0
2	2	8	0	0
0	3	3	4	0
1	3	18	0	0
2	3	10	0	0
[F]
38	4	25	4	20
1	0	9	0	0
0	0	1	4	0
0	1	4	0	0
1	1	8	0	0
0	2	6	0	0
1	2	8	2	0
[F]
39	4	24	13	20
0	0	5	0	0
1	0	0	16	0
2	0	1	128	0
0	1	2	4	0
1	1	2	0	0
2	1	10	0	0
[F]
40	3	15	4	20
0	0	5	0	0
1	0	0	16	0
2	0	9	0	0
0	1	4	0	0
1	1	0	0	0
2	1	8	0	0
0	2	4	0	0
1	2	0	0	0
2	2	8	0	0
0	3	6	0	0
1	3	0	2	0
2	3	10	0	0
[F]
41	5	19	19	20
0	0	4	1	0
1	0	1	0	0
2	0	1	0	0
3	0	1	0	0
4	0	8	1	0
0	1	4	0	0
1	1	0	0	0
2	1	0	0	0
3	1	0	0	0
4	1	8	0	2
0	2	6	0	4
1	2	2	0	0
2	2	0	32	0
3	2	2	0	8
4	2	10	0	0
[F]
42	5	18	15	20
1	0	1	0	1
2	0	9	0	0
0	1	4	0	0
1	1	0	0	0
2	1	8	0	0
0	2	4	0	0
1	2	0	0	0
2	2	8	0	0
0	0	5	0	0
0	3	2	4	0
1	3	0	2	0
2	3	10	0	0
[F]
43	5	22	16	20
0	0	5	0	0
1	0	0	1	0
2	0	9	0	0
0	1	4	0	2
1	1	0	0	0
2	1	0	8	0
0	2	6	0	0
1	2	0	2	0
2	2	10	0	0
[F]
44	6	19	19	20
0	0	5	1	0
1	0	1	0	0
2	0	9	0	2
0	1	4	0	0
1	1	0	0	0
2	1	8	0	0
0	2	4	0	0
1	2	0	0	0
2	2	8	0	0
0	3	4	2	0
1	3	2	0	0
2	3	8	32	0
[F]
45	6	16	17	20
0	0	5	0	0
1	0	1	0	0
2	0	1	0	0
3	0	1	0	0
4	0	8	1	0
4	1	10	0	0
3	1	0	2	0
2	1	2	0	0
1	1	128	0	0
0	1	4	0	0
0	2	6	0	0
1	2	10	0	2
[F]
46	7	15	18	20
2	0	1	0	0
1	0	1	0	0
3	0	5	0	0
4	0	8	1	0
0	1	4	0	0
0	2	6	0	2
1	1	0	0	0
1	2	2	0	0
2	1	0	0	0
2	2	2	0	0
3	1	4	0	0
3	2	6	0	0
4	1	8	0	0
4	2	10	0	2
0	0	5	0	0
[F]
47	7	17	15	20
0	0	5	0	1
1	0	1	0	0
2	0	8	1	0
0	1	4	0	0
1	1	0	0	0
2	1	8	0	0
0	2	6	0	0
1	2	2	0	0
2	2	8	2	0
[F]
48	8	21	16	20
0	0	5	0	0
1	0	1	0	2
0	1	0	4	0
1	1	0	0	0
0	2	6	0	0
1	2	0	2	0
2	0	9	0	0
2	1	8	0	0
2	2	10	0	0
[F]
49	8	19	19	20
3	0	4	1	0
4	0	9	0	0
3	1	4	0	0
4	1	8	0	0
0	2	5	0	0
1	2	1	0	0
2	2	1	0	0
3	2	16	0	0
4	2	8	0	0
0	3	2	4	0
1	3	2	0	0
2	3	2	0	0
3	3	2	0	0
4	3	10	0	0
[F]
50	8	16	20	20
0	1	68	0	0
1	1	1	0	0
2	1	9	0	0
0	2	4	0	0
1	2	0	0	0
2	2	0	8	0
0	3	6	0	8
1	3	2	0	0
2	3	10	0	0
0	0	12	1	0
[F]
51	8	16	16	20
0	0	5	0	2
1	0	1	0	0
2	0	0	1	0
3	0	9	0	0
0	1	4	0	0
1	1	0	0	0
2	1	0	0	0
3	1	192	0	0
0	2	132	0	0
1	2	2	0	0
2	2	2	0	0
3	2	10	0	0
0	3	12	2	0
4	1	3	8	0
[F]
52	9	18	15	20
0	0	5	0	0
1	0	9	0	2
0	1	4	0	0
1	1	8	0	0
0	2	4	0	0
1	2	64	0	0
0	3	6	0	0
1	3	2	0	0
2	2	1	0	0
2	3	2	0	0
3	2	16	0	0
3	3	0	2	0
4	2	9	0	0
4	3	10	0	0
3	0	5	0	0
3	1	4	0	0
4	0	9	0	2
4	1	10	0	0
[F]
53	9	21	15	20
0	4	0	5	0
0	5	6	0	0
1	4	1	0	0
1	5	2	0	0
2	0	5	0	0
2	1	4	0	0
2	2	4	0	0
2	3	4	0	0
2	4	16	0	0
2	5	2	0	0
3	0	1	0	0
4	0	8	1	0
3	1	0	0	0
4	1	8	0	0
3	2	0	0	0
4	2	8	0	0
3	3	0	0	0
4	3	8	0	0
3	4	0	0	0
4	4	8	0	0
3	5	2	0	0
4	5	10	0	0
[F]
54	9	25	14	20
0	0	5	0	0
1	0	33	0	0
2	0	9	0	8
1	1	132	0	0
2	1	10	0	0
1	2	12	0	0
1	3	68	0	0
2	3	8	1	0
1	4	4	0	0
2	4	8	0	0
1	5	132	0	0
2	5	10	0	0
1	6	12	2	0
[F]
55	9	21	21	20
0	0	7	0	0
1	0	3	0	0
2	0	3	0	0
3	0	3	0	0
4	0	3	0	2
5	0	10	1	0
[F]
56	10	20	16	20
0	1	5	0	0
1	1	1	0	0
2	1	80	0	0
3	1	1	0	0
4	1	1	0	0
5	1	24	0	0
0	2	4	0	0
1	2	0	0	0
2	2	0	0	0
3	2	0	0	0
4	2	0	0	0
5	2	8	0	0
0	3	6	0	0
1	3	2	0	0
2	3	2	0	0
3	3	2	0	0
4	3	2	0	2
5	3	10	0	0
2	0	12	1	0
5	0	12	1	0
[F]
57	10	22	14	20
0	0	5	0	0
1	0	9	0	0
0	1	4	2	0
1	1	10	0	2
[F]
58	10	24	13	20
0	0	5	0	0
1	0	0	1	0
2	0	9	0	0
0	1	4	0	0
1	1	0	0	0
2	1	8	0	0
0	2	6	0	2
1	2	0	2	0
2	2	10	0	0
[F]
59	11	17	14	20
4	0	5	0	0
5	0	9	0	0
4	1	4	0	0
5	1	8	0	2
4	2	4	0	0
5	2	8	0	0
0	3	5	0	0
1	3	0	1	0
2	3	1	0	0
3	3	1	0	0
4	3	16	0	0
5	3	8	0	0
0	4	6	0	0
1	4	160	0	8
2	4	2	0	0
3	4	2	0	0
4	4	2	0	0
5	4	10	0	0
1	5	12	0	4
1	6	12	0	4
1	7	14	0	4
[F]
60	11	17	15	20
0	0	5	0	0
1	0	8	1	0
0	1	6	0	0
1	1	8	2	0
[F]
61	0	12	17	20
0	0	7	0	0
1	0	3	8	0
[F]
62	0	14	13	21
0	0	7	0	0
1	0	3	8	0
[F]
63	0	14	11	21
0	0	5	0	0
1	0	9	0	0
0	1	6	0	0
1	1	2	8	0
[F]
64	0	19	9	21
0	0	143	0	2
[F]
65	2	18	10	20
0	0	5	8	0
0	1	14	0	0
[F]
66	1	21	20	21
0	0	5	2	0
1	0	11	0	0
[F]
67	1	20	19	21
0	0	15	0	2
[F]
68	3	26	15	20
0	0	5	2	0
1	0	11	0	0
[F]
69	3	26	18	20
0	0	7	8	0
[F]
70	3	19	19	20
0	0	7	0	0
1	0	3	8	0
[F]
71	3	22	10	20
0	0	5	0	0
1	0	9	0	0
0	1	4	0	0
1	1	8	0	0
0	2	4	2	0
1	2	10	0	0
[F]
72	4	26	21	19
0	0	15	0	2
[F]
73	4	22	18	19
0	0	5	0	0
1	0	1	0	0
2	0	1	8	0
0	1	6	0	0
1	1	2	0	0
2	1	10	0	0
[F]
74	4	17	11	19
0	0	15	0	2
[F]
75	4	13	13	20
0	0	5	0	0
1	0	1	0	0
2	0	9	0	0
0	1	4	0	0
1	1	0	0	0
2	1	8	0	0
0	2	6	0	0
1	2	0	2	0
2	2	10	0	0
[F]
76	4	9	7	20
0	0	5	0	0
1	0	1	0	0
2	0	1	0	0
3	0	1	8	0
0	1	4	0	0
1	1	0	0	0
2	1	0	0	0
3	1	8	0	0
0	2	4	0	0
1	2	0	0	0
2	2	0	0	0
3	2	8	0	0
0	3	6	0	0
1	3	2	0	0
2	3	2	0	0
3	3	10	0	0
[F]
77	4	25	7	19
0	0	5	0	0
1	0	1	0	0
2	0	9	0	0
0	1	6	0	0
1	1	0	2	0
2	1	10	0	0
[F]
78	5	18	21	20
0	0	7	8	0
[F]
79	5	19	13	19
0	0	13	0	0
0	1	12	0	0
0	2	12	2	0
[F]
80	5	21	16	20
0	0	5	8	0
0	1	14	0	0
[F]
81	6	16	21	20
0	0	5	0	0
1	0	1	0	0
2	0	1	8	0
0	1	6	0	0
1	1	2	0	0
2	1	10	0	0
[F]
82	6	18	15	20
0	0	13	0	0
0	1	12	2	0
[F]
83	7	18	19	19
0	0	7	8	0
[F]
84	8	19	19	20
1	0	9	0	0
0	1	4	2	0
1	1	10	0	0
0	0	5	0	0
[F]
85	8	17	22	21
0	0	15	0	2
[F]
86	8	14	21	20
0	0	5	0	0
1	0	9	0	0
0	1	4	0	0
1	1	8	0	0
0	2	6	0	0
1	2	2	8	0
[F]
87	8	17	20	20
0	0	7	0	0
1	0	9	2	0
[F]
88	8	12	17	20
0	0	5	0	0
1	0	1	0	0
2	0	1	0	0
3	0	9	0	0
0	1	6	0	0
1	1	2	0	0
2	1	2	0	0
3	1	2	8	0
[F]
89	9	22	16	21
0	0	5	0	0
1	0	1	0	0
2	0	9	0	2
0	1	6	0	0
1	1	2	0	0
2	1	10	0	0
[F]
90	9	22	20	21
1	0	5	0	0
2	0	9	0	2
1	1	4	0	0
2	1	8	0	0
1	2	16	0	0
2	2	8	0	0
1	3	2	0	0
2	3	10	0	0
0	2	5	0	0
0	3	6	0	0
[F]
91	10	19	14	20
0	0	5	0	0
1	0	1	0	0
2	0	9	0	0
0	1	4	0	0
1	1	0	0	0
2	1	8	0	0
0	2	6	0	0
1	2	2	0	0
2	2	8	2	0
[F]
92	10	18	17	20
0	0	5	0	0
1	0	9	0	0
0	1	4	0	0
1	1	0	8	0
0	2	6	0	0
1	2	10	0	0
[F]
93	10	19	13	21
0	0	5	0	0
1	0	1	0	0
0	1	6	0	0
1	1	2	0	0
2	0	9	0	0
2	1	2	8	0
[F]
94	11	19	15	20
0	0	5	0	0
1	0	9	0	0
0	1	6	0	0
1	1	2	8	0
[F]
95	11	16	15	21
0	0	5	0	0
1	0	9	0	2
0	1	6	0	0
1	1	10	0	0
[F]
96	14	5	5	20
[F]
97	14	6	5	20
[F]
98	14	7	5	20
[F]
99	14	8	5	20
[F]
100	2	18	17	20
0	0	5	0	0
1	0	8	1	0
0	1	0	4	0
1	1	8	0	0
0	2	6	0	0
1	2	8	34	0
[F]
101	2	13	17	20
0	0	5	0	0
1	0	1	0	0
2	0	1	0	1
3	0	1	0	0
4	0	9	0	0
0	1	6	0	0
1	1	2	0	0
2	1	2	0	0
3	1	2	0	0
4	1	2	8	0
[F]
102	1	24	17	20
0	0	5	0	0
1	0	8	1	0
0	1	4	0	0
1	1	8	0	0
0	2	4	2	0
1	2	10	0	0
[F]
103	1	21	15	20
0	0	3	4	0
1	0	33	0	0
2	0	1	0	0
3	0	1	0	0
4	0	1	0	0
5	0	1	8	0
1	1	6	0	0
2	1	2	0	0
3	1	2	0	0
4	1	0	2	0
5	1	10	0	0
[F]
104	1	27	12	20
0	0	5	0	0
1	0	0	1	0
2	0	9	0	0
0	1	0	4	0
1	1	0	0	0
2	1	8	0	0
0	2	4	0	0
1	2	0	0	0
2	2	8	0	0
0	3	0	4	0
1	3	0	0	0
2	3	8	0	0
0	4	6	0	0
1	4	2	0	0
2	4	10	0	0
[F]
105	1	27	8	20
0	0	5	0	0
1	0	1	0	0
2	0	9	0	0
0	1	0	64	0
1	1	0	0	0
2	1	8	0	0
0	2	4	0	0
1	2	0	0	0
2	2	8	0	0
0	3	6	0	0
1	3	0	2	0
2	3	10	0	0
[F]
106	13	23	21	20
0	0	5	0	0
1	0	1	0	0
2	0	0	1	0
3	0	1	0	0
4	0	1	0	0
5	0	9	0	0
0	1	2	4	0
1	1	2	0	0
2	1	2	0	0
3	1	2	0	0
4	1	2	0	0
5	1	2	8	0
[F]
107	4	19	7	20
0	0	4	1	0
1	0	8	1	0
0	1	4	0	0
1	1	8	0	0
0	2	6	0	0
1	2	0	10	0
[F]
108	4	21	9	20
0	0	3	4	0
1	0	11	0	0
[F]
109	4	19	5	20
0	0	1	4	0
1	0	9	0	0
0	1	4	2	0
1	1	8	2	0
[F]
110	2	22	5	20
0	0	4	1	0
1	0	9	0	0
0	1	0	4	0
1	1	8	0	0
0	2	4	0	0
1	2	8	0	0
0	3	132	0	0
1	3	10	0	0
[F]
111	2	22	2	20
0	0	4	16	0
1	0	9	0	0
0	1	4	0	0
1	1	8	0	0
0	2	4	2	0
1	2	10	0	0
[F]
112	0	9	5	20
0	0	5	0	0
1	0	1	0	0
2	0	9	0	0
0	2	6	0	0
1	2	2	0	0
2	2	136	32	0
0	1	0	4	0
1	1	0	0	0
2	1	0	8	0
[F]
113	0	12	5	20
0	0	5	0	0
1	0	1	0	0
2	0	1	0	0
3	0	1	0	0
4	0	1	8	0
0	1	2	4	0
1	1	2	0	0
2	1	0	2	0
3	1	2	0	0
4	1	10	0	0
[F]
114	0	6	6	20
0	0	5	0	0
1	0	1	0	0
2	0	1	8	0
0	1	6	0	0
1	1	2	0	0
2	1	10	0	0
[F]
115	5	14	17	20
0	0	5	0	0
1	0	1	0	0
2	0	1	0	0
3	0	9	0	0
0	1	4	0	0
1	1	0	0	0
2	1	0	0	0
3	1	0	8	0
0	2	6	0	0
1	2	2	0	0
2	2	2	0	0
3	2	10	0	0
[F]
116	2	15	11	20
0	0	4	1	0
1	0	1	0	0
2	0	73	0	0
0	1	6	0	0
1	1	2	0	0
2	1	66	0	0
3	1	3	8	0
[F]
117	2	15	8	20
0	0	132	1	0
1	0	11	0	0
0	1	8	4	0
0	2	12	2	8
[F]
118	4	11	4	20
0	0	21	0	0
1	0	9	0	0
0	1	6	0	0
1	1	2	8	0
[F]
119	2	11	8	20
0	0	133	0	0
1	0	1	2	0
2	0	32	1	0
3	0	9	0	0
0	1	14	0	0
2	1	6	0	0
3	1	2	8	0
[F]
120	2	15	6	20
0	0	5	0	0
1	0	9	0	0
0	1	4	2	0
1	1	10	0	0
[F]
121	2	13	5	20
0	0	5	0	1
1	0	9	0	0
0	1	4	0	0
1	1	8	0	0
0	2	4	2	0
1	2	10	0	0
[F]
122	2	12	9	20
0	1	12	0	0
0	2	68	0	0
0	0	12	1	0
0	3	6	0	0
1	2	8	16	0
1	3	10	0	0
[F]
123	12	19	17	20
0	0	4	1	0
1	0	9	0	0
0	1	4	0	0
1	1	8	0	0
0	2	6	0	0
1	2	8	32	0
[F]
124	12	17	15	20
0	0	1	4	0
1	0	1	0	0
2	0	1	0	0
3	0	9	0	0
0	1	6	0	0
1	1	2	0	0
2	1	0	2	0
3	1	10	0	0
[F]
125	12	15	9	20
0	0	5	0	0
1	0	1	0	0
2	0	8	1	0
2	1	10	0	0
1	1	128	0	8
0	1	4	0	0
0	2	4	0	0
1	2	8	0	0
0	3	0	4	0
1	3	0	8	0
0	4	4	0	0
1	4	8	0	0
0	5	4	0	0
1	5	8	0	0
0	6	4	0	0
1	6	0	8	0
0	7	6	0	0
1	7	10	0	0
[F]
126	12	17	12	20
0	0	1	4	0
1	0	1	0	0
2	0	0	1	0
3	0	1	8	0
0	1	6	0	0
1	1	2	0	0
2	1	2	0	0
3	1	10	0	0
[F]
127	12	19	9	20
0	0	5	0	0
1	0	9	0	0
0	1	4	0	0
1	1	8	0	0
0	2	4	2	0
1	2	10	0	0
[F]
128	12	15	6	20
1	0	3	0	0
0	0	6	1	0
2	0	160	1	0
3	0	3	0	0
4	0	10	1	0
2	1	12	0	0
2	2	12	2	0
[F]
129	12	13	3	20
0	0	133	0	0
1	0	3	0	0
2	0	41	0	0
2	1	12	0	0
2	2	12	2	0
0	1	14	0	0
[F]
130	12	19	3	20
0	0	133	0	0
3	0	3	8	0
0	1	12	0	0
0	2	12	2	0
1	0	3	0	0
2	0	3	0	0
[F]
131	12	23	3	20
0	0	1	4	0
1	0	1	0	0
2	0	1	128	0
0	1	6	0	0
1	1	2	0	0
2	1	10	0	0
[F]
132	13	18	19	20
2	0	1	4	0
3	0	8	1	0
2	1	4	0	0
3	1	8	0	0
1	2	5	0	0
2	2	16	0	0
3	2	64	0	0
4	2	8	1	0
1	3	2	4	0
2	3	2	0	8
3	3	2	0	0
4	3	2	8	0
[F]
133	13	18	19	20
0	0	132	1	0
1	0	3	8	0
0	2	12	0	0
0	1	12	0	0
0	3	6	8	0
[F]
134	13	22	15	20
0	0	4	1	0
1	0	8	1	0
0	1	0	4	0
1	1	8	0	0
0	2	4	0	0
1	2	8	0	0
0	3	4	0	0
1	3	8	0	0
0	5	4	2	0
1	5	10	0	0
0	4	4	0	0
1	4	8	0	0
[F]
135	13	23	13	20
0	0	5	0	0
1	0	9	0	0
0	1	4	2	0
1	1	10	0	0
[F]
136	13	19	15	20
0	0	4	1	0
1	0	1	0	0
2	0	9	0	0
0	1	6	0	0
1	1	2	0	0
2	1	2	8	0
[F]
137	13	17	15	20
0	1	70	0	0
1	1	41	0	0
1	2	12	0	0
1	3	12	2	0
0	0	12	1	0
[F]
138	13	17	9	20
0	0	19	4	0
2	0	0	3	8
3	0	3	0	0
4	0	3	8	0
1	0	3	0	0
[F]
139	13	22	9	20
0	0	33	4	0
1	0	9	0	0
0	1	4	0	0
1	1	8	0	0
0	2	6	0	0
1	2	2	128	0
[F]
140	13	19	5	20
0	0	5	0	0
1	0	129	0	0
2	0	9	32	0
0	1	4	0	0
0	2	4	0	0
1	1	8	0	0
0	3	4	2	0
1	2	8	0	0
1	3	10	0	0
[F]
141	13	15	9	20
0	0	5	0	0
1	0	1	8	0
0	1	4	0	0
1	1	8	0	0
0	2	4	2	0
1	2	10	0	0
[F]
142	13	15	12	20
0	0	4	1	0
1	0	9	0	0
0	1	4	0	0
1	1	8	0	0
0	2	4	32	0
1	2	10	0	0
[F]
143	12	17	3	20
0	0	13	0	0
0	1	12	0	0
0	2	12	2	0
[F]
144	13	29	21	20
0	0	5	0	8
1	0	1	0	0
2	0	1	0	0
3	0	0	1	0
4	0	1	128	0
0	1	2	4	0
1	1	2	0	0
2	1	2	0	0
3	1	2	0	0
4	1	10	0	0
[F]
145	13	32	19	20
0	0	1	4	0
1	0	9	0	0
0	1	4	2	0
1	1	10	0	0
[F]
146	13	30	19	20
0	0	7	0	0
1	0	3	8	0
[F]
147	2	16	22	20
2	0	9	0	0
0	1	2	4	0
2	1	2	8	0
1	0	1	0	0
1	1	2	0	0
0	0	5	0	0
[F]
148	13	20	17	20
0	0	5	0	0
1	0	9	0	0
0	1	6	0	0
1	1	8	2	0
[F]
149	13	21	14	20
0	0	7	0	1
1	0	9	2	0
[F]
150	1	24	13	20
0	0	3	4	0
1	0	3	0	0
2	0	3	8	0
[F]
151	0	23	7	20
0	0	5	0	0
2	0	9	0	0
0	1	4	0	0
2	1	8	0	0
0	2	6	0	0
2	2	2	8	0
1	0	0	1	0
1	1	0	0	0
1	2	2	0	0
[F]
152	2	22	12	20
0	0	9	4	0
0	1	14	0	0
[F]
153	2	14	22	20
0	0	5	0	0
1	0	9	0	0
0	1	6	0	0
1	1	2	8	0
[F]
154	1	22	12	20
0	0	5	0	0
1	0	9	0	0
0	1	6	0	0
1	1	2	8	0
[F]
155	3	23	22	20
0	0	1	4	0
1	0	1	0	0
2	0	1	0	0
3	0	1	8	0
0	1	6	0	0
1	1	2	0	0
2	1	2	0	0
3	1	10	0	0
[F]
156	3	21	22	20
0	0	5	0	0
1	0	1	8	0
0	1	6	0	0
1	1	10	0	0
[F]
157	4	13	1	20
0	0	5	0	0
1	0	9	0	0
0	1	4	3	0
1	1	8	2	0
[F]
158	13	19	10	20
0	0	12	1	0
0	1	12	0	0
0	2	12	0	0
0	3	12	0	0
0	4	12	2	0
[F]
159	1	27	19	20
0	0	69	2	0
1	0	3	0	0
2	0	3	0	0
3	0	3	0	0
4	0	10	1	0
[F]
160	13	17	13	20
0	0	5	0	0
1	0	9	0	0
0	1	4	2	0
1	1	10	0	0
[F]
161	1	31	15	20
0	0	12	1	0
0	1	12	0	0
0	2	12	0	0
0	3	12	2	0
[F]
162	1	31	13	20
0	0	5	0	0
1	0	9	0	0
0	1	4	2	0
1	1	10	0	0
[F]
163	4	13	0	19
0	0	5	0	0
1	0	9	0	0
0	1	4	2	0
1	1	10	0	0
[F]
164	2	19	6	20
0	0	5	0	0
1	0	0	1	0
2	0	65	8	0
0	1	6	0	0
1	1	2	0	0
2	1	10	0	0
[F]
165	2	19	4	20
0	0	5	0	0
1	0	9	0	0
0	1	6	0	0
1	1	8	2	0
[F]
166	5	23	13	20
0	0	5	0	0
1	0	9	0	0
0	1	4	0	0
1	1	8	0	0
0	2	4	2	0
1	2	10	0	0
[F]
167	5	25	15	20
0	2	3	4	0
1	2	3	0	0
2	2	26	0	0
2	1	12	0	0
2	0	13	0	0
[F]
168	6	17	23	20
0	0	7	0	0
1	0	3	0	0
2	0	10	1	0
[F]
169	8	18	13	20
0	0	12	1	0
0	1	12	0	0
0	2	12	2	0
[F]
170	8	17	11	20
0	0	5	0	1
1	0	9	0	0
0	1	6	0	0
1	1	8	2	0
[F]
171	12	12	12	20
0	0	133	0	0
1	0	3	0	0
2	0	3	8	0
0	1	12	0	0
0	2	12	0	0
0	3	10	4	0
[F]
172	12	10	14	20
0	0	5	0	1
1	0	9	0	0
0	1	6	0	0
1	1	2	8	0
[F]
173	12	21	10	20
0	0	13	0	0
0	1	12	0	0
0	2	10	4	0
[F]
174	11	17	14	20
0	0	7	0	1
1	0	9	2	0
[F]
175	0	26	8	20
0	0	5	0	0
1	0	25	0	1
0	1	2	4	0
1	1	10	0	0
[F]
176	9	27	16	20
0	0	5	2	0
1	0	11	0	0
[F]
177	12	12	10	20
0	0	5	0	0
1	0	9	0	0
0	1	6	0	0
1	1	8	2	0
[F]
178	13	20	10	20
0	0	3	4	0
1	0	11	0	0
[F]
179	13	17	6	20
0	0	5	0	0
1	0	1	8	0
0	1	6	0	0
1	1	10	0	0
[F]
180	13	16	15	20
0	0	5	8	0
0	1	14	0	0
[F]
181	13	19	20	20
0	0	14	1	0
[F]
182	12	21	4	20
0	0	12	1	0
0	1	14	0	0
[F]
183	12	15	8	20
0	0	13	2	0
[F]
184	12	13	14	20
0	0	7	0	0
1	0	3	8	0
[F]
185	12	17	11	20
0	0	7	0	0
1	0	9	2	0
[F]
186	12	13	1	20
0	0	5	0	0
1	0	9	0	0
0	1	6	0	0
1	1	8	2	0
[F]
187	13	18	8	19
0	0	7	0	0
1	0	9	2	0
[F]
188	2	17	21	20
0	0	7	0	0
1	0	9	2	0
[F]
189	2	16	15	20
0	0	5	0	0
1	0	9	0	0
0	1	4	2	0
1	1	10	0	0
[F]
190	2	11	17	20
1	0	1	8	0
0	0	5	0	0
0	1	6	0	0
1	1	10	0	0
[F]
191	2	21	2	20
0	0	13	0	0
0	1	6	8	0
[F]
192	2	20	3	20
0	0	13	2	0
[F]
193	2	12	5	20
0	0	13	0	0
0	1	6	8	0
[F]
194	2	16	9	20
0	0	3	4	0
1	0	11	0	0
[F]
195	1	23	18	20
0	0	13	0	0
0	1	12	2	0
[F]
196	1	30	16	20
0	0	13	0	0
0	1	6	8	0
[F]
197	3	24	12	20
0	0	5	0	0
1	0	1	0	0
2	0	9	0	0
0	1	2	4	0
1	1	2	0	0
2	1	10	0	0
[F]
198	4	18	17	20
0	0	4	1	0
1	0	9	0	0
0	1	6	0	0
1	1	10	0	0
[F]
199	0	13	7	20
0	0	5	0	0
1	0	8	1	0
0	1	4	0	0
1	1	8	0	0
0	2	6	0	0
1	2	10	0	0
[F]
200	4	23	4	20
1	1	10	0	0
0	1	6	0	0
1	0	1	8	0
0	0	5	0	0
[F]
201	6	20	15	20
0	0	5	0	0
1	0	9	0	0
0	1	4	2	0
1	1	10	0	0
[F]
202	7	18	13	20
0	0	5	0	0
1	0	9	0	0
0	1	6	0	0
1	1	8	2	0
[F]
203	9	18	19	20
0	0	5	0	0
1	0	1	0	0
2	0	1	8	0
0	1	6	0	0
1	1	2	0	0
2	1	10	0	0
[F]
204	10	24	11	20
0	0	5	0	0
1	0	9	0	0
0	1	6	0	0
1	1	8	2	0
[F]
205	13	25	19	20
0	0	5	0	0
1	0	9	0	0
0	1	4	2	0
1	1	10	0	0
[F]
206	4	16	5	20
0	0	5	0	0
1	0	1	0	0
2	0	1	8	0
0	1	6	0	0
1	1	2	0	0
2	1	10	0	0
[F]
