#Sala inicial del juego.
#w	h	d	id_sala	cam.est secreta
9	10	8	1	1	0

################################################################################
[F]
################################################################################
#x	y	z	comp	rep	id	pla

#Suelo...
*	*	0	1	5	0	0

#Montaña fondo...
0|4	0|5	1	1	10	0	0
0|4	0|4	2	1	10	0	0
0|3	0|4	3	1	10	0	0
0|3	0|3	4	1	10	0	0
0|2	0|2	5	1	10	0	0
0|2	0|1	6	1	10	0	0
4	1|3	3	1	13	0	1

#Hierba montaña.
0|4	5	1	1	13	0	0
0|3	3	4	1	13	0	0
3	0|3	4	1	13	0	0
0|1	0|1	6	1	13	0	0

#Muralla norte y puerta...
5|8	0	1|2	1	2	0	1
4|8	0	3|4	1	2	0	1
5|8	0	5|8	1	2	0	1
6	0	1|2	0	0	0	1

#8	1	1|2	1	2	-	1

#Portal
4	2	1|2	-	-	1	-
4	3	1|2	-	153	-	1

#Deco
5	0	1	-	53	-	-
7|8	0	1	-	53	-	-
4	0	4	-	53	-	-

################################################################################
[F]
################################################################################

#Entrada...
#tipo	x	y	z	id
1	0	0	128	1
1	99	7	16	2
1	70	36	16	3

#Salida...
#tipo	x	y	z	w	d	h	entr	sala
2	96	0	16	16	1	1	1	2
2	64	32	16	1	16	1	4	59

#Sonido ambiente pájaros
#tipo	x	y	z	t.repr.	id_snd	volum	pan	param1	param2	activo	id
4	0	0	0	3	52	32	127	1000	500	1	0
4	0	0	0	3	53	32	127	1000	500	1	0

14	81	32	49	78
#Portal...
#tipo	x	y	z	
14	81	32	17	77
14	81	49	17	76

################################################################################
[F]
################################################################################
