#Segunda sala del juego, aprender el salto.
#w	h	d	id_sala	cam.est secreta
6	8	10	2	1	0

################################################################################
[F]
################################################################################

#Suelo
#x	y	z	comp	rep	id	pla
*	*	0	1	10	0	0
*	*	1	1	13	0	0
0|4	0|7	0	0	0	0	0

#Muro invisible sur
*	9	*	1	0	0	0

#Entrada sur...
*	9	0|1	1	0	0	0
2	9	*	0	0	0	0
2	9	0	1	10	0	0
2	9	1	1	13	0	0

#Estructura central...
0|4	4	2	1	53	0	0
4	0|4	2	1	53	0	0
0|4	0|3	3	1	2	0	0

#Muro norte y puerta.
0|4	0	4|7	1	2	0	1
5	0	2|7	1	2	0	1
5	0	2	-	53	-	-
1|3	0	4|6	-	4	-	-
2	0	4|5	0	0	0	1
0|1	0	*	-	-	-	0


################################################################################
[F]
################################################################################

#Entrada sur y norte
#tipo	x	y	z	id
1	37	146	32	1
1	32	8	64	2

#Salida sur y norte
#tipo	x	y	z	w	d	h	entr	sala
2	32	154	32	16	4	1	2	1
2	32	0	64	16	2	1	1	3

#Rejas decorativas...
#tipo	x	y	z
14	0	128	32	2
14	0	112	32	2
14	0	96	32	2
14	0	80	32	2
14	96	128	32	2
14	96	112	32	2
14	96	96	32	2
14	96	80	32	2
14	96	64	32	2
14	96	48	32	2
14	96	32	32	2
14	96	16	32	2

#Sonido ambiente pájaros
#tipo	x	y	z	t.repr.	id_snd	volum	pan	param1	param2	activo	id
4	0	0	0	3	52	32	127	400	500	1	0
4	0	0	0	3	53	32	127	100	700	1	0

#GUARDAR PRUEBA PRUEBA!!!
#tipo	x	y	z	id_sal
#21	64	80	32	1

#Deco
14	64	48	64	25
14	0	48	64	25

14	68	52	68	24
14	68	52	84	24
14	68	52	100	24

14	4	52	68	24
14	4	52	84	24
14	4	52	100	24

#Marca salida...
14	32	168	32	112

################################################################################
[F]
################################################################################

#tipo	x	y	z	id_diap	activo	id
#15	0	0	0	1	1	0

