#Pequeña sala de plataformas para conectar la 5 con la parte superior de la 4.
#w	h	d	id_sala	cam.est secreta
12	8	6	6	1	0

################################################################################
[F]
################################################################################
#x	y	z	comp	rep	id	pla

#Suelo letal...
*	*	0	2	0	0	0

#Muro oeste
0	*	*	1	2	0	1
0	*	1	1	10	0	1
0	*	0	1	38	0	1

#Muro norte, puertas...
*	0	*	1	2	0	1
*	0	1	1	10	0	1
*	0	0	1	38	0	1
9	0	5|6	0	0	0	0
9	0	4	1	4	0	1
1	0	5|6	0	0	0	0
1	0	4	1	4	0	1

#Suelo real...
1|2	0|2	4	1	4	0	1
1|2	5|6	4	1	4	0	1
5|6	0|2	4	1	4	0	1
9|10	0|2	4	1	4	0	1

#Deco
2	1	3	-	103	-	1
6	1	3	-	103	-	1
10	1	3	-	103	-	1
1	5	3	-	134	-	1

################################################################################
[F]
################################################################################

#Entradas oeste, oeste
#tipo	x	y	z	id
1	148	4	80	1
1	19	4	80	2

#Salidas oeste, oeste...
#tipo	x	y	z	w	d	h	entr	sala
2	148	0	80	16	1	1	2	5
2	16	0	80	16	1	1	3	4

#Barandas
14	176	16	80	18
14	176	32	80	18

14	144	48	80	17
14	160	48	80	17

14	80	48	80	17
14	96	48	80	17

14	32	48	80	17

################################################################################
[F]
################################################################################

#Bonus
14	18	83	80	4
14	24	86	80	4
