#Planta 0 de la torre en la primera parte
#w	h	d	id_sala	cam.est secreta
8	12	8	9	1	0

################################################################################
[F]
################################################################################
#x	y	z	comp	rep	id	pla

#Muros norte y oeste. Puerta oeste.
*	0	4|8	1	2	0	1
0	*	4|8	1	2	0	1
*	0	9|11	1	4	0	1
0	*	9|11	1	4	0	1
0	4	9|10	0	0	0	0

#Muro oeste y norte para bajo... Puerta.
0	0	1|2	1	4	0	1
0	1	1|3	1	4	0	1
0	2	1|3	1	4	0	1
0	3	2|3	1	4	0	1
0	4	3	1	4	0	1
1|4	0	1|3	1	4	0	1
1	0	1|2	0	0	0	0
1	0	0	1	12	0	0

#Muros para bajo invisibles: este y sur...
5	0|4	1|3	1	0	0	0
0|4	5	1|3	1	0	0	0

#Suelo medio... con agujero.
*	*	4	1	2	0	1
1|4	1|4	4	0	0	0	0

#Suelo bajo...
1|4	1|4	0	1	12	0	1

#Rampa de bajada...
1	5	4	13	32	0	1
1	4	3	13	32	0	1
1	3	2	13	32	0	1
1	2	1	13	32	0	1

1	6	4	3	-	-	-
1	5	3	3	-	-	-
1	4	2	3	9	0	1
1	3	1	3	9	0	1

1	4|5	1	1	-	-	-

#Plataforma superior...
1|2	1|4	8	1	14	0	1

#Rampa de subida...
2	1	8	0	0	-	-
#5	1	5	11	30	0	1
#4	1	6	11	30	0	1
#3	1	7	11	30	0	1
#2	1	8	11	30	0	1

#4	1	5	3	18	0	1
#3	1	6	3	18	0	1
#2	1	7	3	18	0	1
#1	1	8	3	-	0	1

#Muro invisible sur y puerta.
*	7	*	1	0	0	0
4	7	4	1	2	0	1
4	7	5|6	0	0	0	0

#Pinchos
6|7	3|6	4	0	49	-	1
6|7	3|6	3	1	0	-	1

7	5|6	4	1	2	-	1

################################################################################
[F]
################################################################################
#Entrada sur medio, norte bajo, oeste alto
#tipo	x	y	z	id
1	68	116	80	1
1	18	4	16	2
1	6	68	144	3

#Salida sur medio, norte bajo, oeste alto.
#tipo	x	y	z	w	d	h	entr	sala
2	64	127	80	16	1	1	2	100
2	16	0	16	16	1	1	1	10
2	0	64	144	1	16	1	1	11

#Pinchos
#tipo	x	y	z	w	h	d	letal	solido
9	96	48	64	32	1	64	1	0

#Escalera
#tipo	x	y	z	h	orient	flags	activa	id
10	32	19	80	64	12	1	1	0

14	32	19	80	65
14	32	19	96	65
14	32	19	112	65
14	32	19	128	65
14	32	19	144	66
14	32	26	144	66

#Altar...
14	112	16	80	102
14	116	16	88	106
22	112	16	80	16	16	16

#Marca salida
14	64	136	80	112

################################################################################
[F]
################################################################################

#Bonus
14	115	99	80	105
