#Planta 1 de la torre en la primera parte. La idea es subir a la segunda
#planta por una escalera que iría por todo el borde.
#w	h	d	id_sala	cam.est secreta
13	10	12	11	0	0

################################################################################
[F]
################################################################################
#x	y	z	comp	rep	id	pla
#Suelo
*	*	0	1	2	0	0
7|12	6|11	0	4	45	0	0
1	3|5	0	4	6	0	0

#Muros contención lava...
2	3|5	1	1	12	0	1
6|12	5	1	1	12	0	1
6	5|11	1	1	12	0	1
6	7	1	-	43	-	-
6	5	2|3	1	12	-	1
7	6	1	1	14	-	1

#Muro este invisible y puerta
12	*	*	1	0	0	0
12	2	0	1	2	0	1
12	2	1|2	0	0	0	0

#Muro norte y oeste
0|11	0	*	1	4	0	0
0	*	*	1	4	0	0
0	4	1	-	43	-	-

#Fix profundidad...
8|11	0	7|9	1	4	0	1
7	0	9	1	4	0	1

#Puerta muro norte.
7	0	7|8	0	0	0	0

#Muro norte y oeste, ahorrar bloques...
#7	0	0|1	1	0	0	0
#5|6	0	0|2	1	0	0	0
0|2	0	0|3	1	0	0	0
0	0|2	0|3	1	0	0	0
#0	6|7	0|3	1	0	0	0
#0	8|9	0|4	1	0	0	0

#Puerta oeste
0	10	1|2	0	0	-	-
0	10	0	-	2	-	-
0	10|11	1|9	-	-	-	1


#Escaleras norte...
7	1	1	1	15	0	1
5|6	1	1	1	16	0	1
5|6	1	2	1	15	0	1
1|2	1|2	1|3	1	4	0	0

#Escaleras oeste
1|2	6|7	1|3	1	4	0	1
1|2	8|9	1|4	1	4	0	1
1|2	10	4	1	14	0	1
2	6|7	1	-	48	-	-
3|5	7	1	1	48	0	1
2	7	2	1	47	-	-

#Escaleras oeste, ahorrar unos bloques...
1	6|7	1|2	1	0	0	0
1	8	1|3	1	0	0	0

#Subida oeste...
#1	11	5	1	15	0	1
1	6|9	6	1	17	0	1

#Subida norte...
1	1|2	3|6	1	4	0	0
2	1	6	1	18	0	1
5|8	1	6	1	18	0	1

#Secretos
1	1	4	1	69	1	-
0	1	4	1	-	-	-
1	1|2	4|6	-	-	-	1

#Plataforma en lava
11	9|11	0|1	1	20	-	1
11	9	2	3	20	-	1
11	10	2	12	257	-	1
12	9	2	1	20	-	1
12	9	3|4	0	0	-	-

################################################################################
[F]
################################################################################

#Entrada
#tipo	x	y	z	id
1	198	36	16	1
1	115	4	112	2
1	22	18	64	3
1	4	163	16	4
1	195	147	48	5

#Salida
#tipo	x	y	z	w	d	h	entr	sala
2	207	32	16	1	16	1	3	9
2	112	0	112	16	1	1	1	12
2	16	16	64	1	16	1	1	65
2	0	160	16	1	16	1	1	116
2	207	144	48	1	16	1	1	152

#Marcas salida
14	216	32	16	111
14	216	144	48	111

#Disparador
#tipo	x	y	z	t.proy.	patron	direc.	veloc.	paso.	act.	id	id_on
13	48	116	32	5	3	4	128	0	1	0	3

#Rejas
#14	96	80	32	3
14	112	80	32	3
14	128	80	32	3
14	142	80	32	3
14	158	80	32	3
14	174	80	32	3
14	112	80	44	3
14	128	80	44	3
14	142	80	44	3
14	158	80	44	3
14	174	80	44	3

#14	96	80	32	2
14	96	96	32	2
14	96	128	32	2
14	96	142	32	2
14	96	158	32	2
14	96	174	32	2
14	96	96	44	2
14	96	128	44	2
14	96	142	44	2
14	96	158	44	2
14	96	174	44	2

#Sonido secreto
#tipo	x	y	z	t.repr.	id_snd	volum	pan	param1	param2	activo	id
4	0	0	0	1	56	128	127	0	0	0	2

#Sonido ambiente lava y dardos
#tipo	x	y	z	t.repr.	id_snd	volum	pan	param1	param2	activo	id
4	0	0	0	2	58	32	127	0	0	1	0
4	0	0	0	1	57	90	127	0	0	0	3

#Escalera
#tipo	x	y	z	h	orient	flags	activa	id
10	19	190	76	64	3	0	1	0

14	19	190	80	63
14	19	190	96	63
14	19	190	112	63
14	19	190	128	63
14	19	190	144	63

14	16	190	96	67
14	16	190	128	67

###############################################################################
[F]
################################################################################

#Interruptor secreto
#tipo	x	y	z	w	h	d	cadena	secreto t.cond	cadena.cond
8	32	16	64	1	16	16	104	1	0	0

#Bonus
14	179	86	32	4
14	101	179	32	4
