#Planta 2 de la torre, vuelve a conectar con el exterior.
#w	h	d	id_sala	cam.est secreta
13	6	12	12	0	0

################################################################################
[F]
################################################################################
#x	y	z	comp	rep	id	pla
#Suelo
0|11	1|3	0	1	4	0	0
8|11	1|11	0	1	4	0	0

#Paredes invisibles... 
0|7	4|11	*	1	0	0	0
12	*	*	1	0	0	0

#Entradas y salidas.
2	4	0	1	4	0	0
2	4	1|2	0	0	0	0
12	10	0	1	4	0	0
12	10	1|2	0	0	0	0

#Muro norte y oeste.
0|11	0	1|5	1	3	0	0
0	0|3	1|5	1	3	0	0
5	0	1	-	43	-	-
8	0	1	-	43	-	-

9	0	2|3	0	0	-	-
9	0	4	-	123	-	1
10	0	2|4	-	123	-	1
9|11	0	5	-	-	-	1
9	0	1	-	12	-	0
11	0	0	-	3	-	0

#Plataformas lava.
4	1|3	1	1	12	0	1
4	1|3	0	1	12	0	0
4	1	1|4	1	12	0	1
7	1|3	1	1	12	0	1
7	1|3	0	1	45	0	0
7	1	1|4	1	12	0	1
9|11	1|2	1	1	12	0	1
8|11	4	1	1	12	0	1
8|11	4	0	1	45	0	0
8|11	7	1	1	12	0	1
8|11	7	0	1	12	0	0

#Lava
5|6	1|3	0	4	45	0	0
8|11	5|6	0	4	45	0	0
8|11	1|3	0	4	45	0	0



################################################################################
[F]
################################################################################

#Entrada
#tipo	x	y	z	id
1	36	67	16	1
1	196	164	16	2
1	147	4	32	3

#Salida
#tipo	x	y	z	w	d	h	entr	sala
2	32	79	16	16	1	1	2	11
2	207	160	16	1	16	1	3	8
2	144	0	32	16	0	1	1	110

#Marcas salida
14	32	88	16	112
14	216	160	16	111

#Escaleras
#tipo	x	y	z	h	orient	flags	activa	id
10	128	19	32	48	8	1	1	0

14	128	19	32	65
14	128	19	48	65
14	128	19	64	65

10	80	19	32	48	8	1	1	0

14	80	19	32	65
14	80	19	48	65
14	80	19	64	65

#Sonido ambiente lava
#tipo	x	y	z	t.repr.	id_snd	volum	pan	param1	param2	activo	id
4	0	0	0	2	58	32	127	0	0	1	0

################################################################################
[F]
################################################################################

#Bonus
14	116	19	80	4
14	67	19	80	105
