#Suelo lava y puerta, dos interruptores necesarios.
#w	h	d	id_sala	cam.est secreta
7	8	12	13	1	0

################################################################################
[F]
################################################################################
#x	y	z	comp	rep	id	pla
#Suelo
*	*	0	1	2	0	0
1|5	4|7	0	4	45	2	0
#1|5	4|7	0	1	20	0	0

#Muro invisible este y sur. Puertas.
6	*	*	1	0	0	0
*	11	*	1	0	0	0
3	11	0	1	2	0	0
3	11	1|2	0	0	0	0

#Muro oeste y norte... Puertas.
0	0|10	1|2	1	20	0	1
0	0|10	3|7	1	10	0	1
0|5	0	*	1	20	0	0
0|5	0	*	1	10	0	0


0	2	4|5	0	0	0	0

#Estructura norte y subida, rampa... Puerta
2|5	1|3	4	1	2	0	1
1	1	4	1	2	0	1
1	2|3	3	1	2	0	1
1|2	3	1|3	1	2	0	1
2	2	1	1	2	0	1
5	3	1|3	1	2	0	1
5	1|2	1|3	1	2	0	1

2	2|3	4	10	21	0	1
3	2|3	4	3	-	-	-

1	4	2	1	14	0	1
1	6	2	1	20	0	1

6	2	4	1	2	0	1
6	2	5|6	0	0	0	1

#Puerta...
3	3	1|3	1	41	1	1
4	3	1|3	1	42	1	1

#Pared lava...
0	7	1	1	43	3	0
0	4	1	1	43	3	0

#Muro lava...
1|5	8	1	1	20	0	1
1|5	8	0	1	20	0	0
#1	4|7	1	1	12	0	0

4	9|10	1	1	20	-	1
5	9|10	0	4	45	-	-

################################################################################
[F]
################################################################################

#Entradas
#tipo	x	y	z	id
1	52	180	16	1
1	7	36	64	2
1	100	36	80	3
1	60	46	16	4

#Salidas
#tipo	x	y	z	w	d	h	entr	sala
2	48	191	16	16	1	1	4	8
2	0	32	64	1	16	1	1	14
2	111	32	80	1	16	1	1	15
2	48	32	16	32	1	1	1	16

#Marcas salida
14	48	200	16	112

#Rejas
#14	32	32	80	2
#14	32	48	80	2

#14	32	64	80	3
14	48	64	80	3
14	64	64	80	3
14	80	64	80	3

#Sonido ambiente lava
#tipo	x	y	z	t.repr.	id_snd	volum	pan	param1	param2	activo	id
4	0	0	0	2	58	32	127	0	0	1	0


################################################################################
[F]
################################################################################
