#Puente roto sobre lava con interruptor al final.
#w	h	d	id_sala	cam.est secreta
13	8	7	14	1	0

################################################################################
[F]
################################################################################
#x	y	z	comp	rep	id	pla
#Suelo
*	*	0	4	0	0	0
0|10	*	0	-	6	-	-

#Muros norte y oeste
*	0	*	1	0	0	0
0	*	*	1	0	0	0

0|11	0	1|5	1	20	0	1
0|4	0	3|5	1	20	0	1
0	0|6	1|5	1	20	0	1
0|9	0	3	1	3	0	1
0	3|5	6	-	20	-	1
0	6	6	-	257	-	1
0	2	6	-	258	-	1
0	4	4|5	0	0	-	-
0	4	3	-	3	-	-

#Muro invisible este
12	*	*	1	0	0	0

#Plataforma norte
10|11	1|6	3	1	3	0	1
9	5	3	1	3	0	1

11	1|6	1|2	1	3	0	1
12	4	3	1	3	0	1
12	4	4|5	0	0	0	1

#Plataforma oeste
1|2	1|6	3	1	3	0	1

#Plataforma central.
5	5	3	1	3	0	1
6	5	1|3	1	3	0	1
6	1|2	3	1	3	0	1

################################################################################
[F]
################################################################################

#Entradas
1	194	66	64	1
1	4	66	64	2

#Salidas
#tipo	x	y	z	w	d	h	entr	sala
2	207	64	64	1	16	1	2	13
2	0	64	64	1	16	1	2	113

#Marcas salidas
14	216	64	64	111

#Rejas.	
14	48	16	64	2
14	48	32	64	2
14	48	48	64	2
14	48	64	64	2
14	48	96	64	2

14	160	16	64	2
14	160	32	64	2
14	160	48	64	2
14	160	64	64	2
14	160	96	64	2

14	80	96	64	3
14	96	96	64	3
14	144	96	64	3

#Sonido ambiente lava y palanca
#tipo	x	y	z	t.repr.	id_snd	volum	pan	param1	param2	activo	id
4	0	0	0	2	58	32	127	0	0	1	0
4	0	0	0	1	50	127	127	0	0	0	1

################################################################################
[F]
################################################################################

#Interruptor no repetible
#tipo	x	y	z	cadena	id	t.cond	cadena.cond
7	20	20	64	9	0	0	0

#Bonus
14	100	25	64	105
14	103	18	64	105

