#Final zona 1, doble altura.
#w	h	d	id_sala	cam.est secreta
16	9	9	17	0	0

################################################################################
[F]
################################################################################
#x	y	z	comp	rep	id	pla
#Suelo
*	*	0	1	13	0	0
0|8	0|2	0	0	0	0	0

#Muros invisibles...
0	*	*	1	0	0	0
15	*	*	1	0	0	0

#Entradas
0	4	0	1	13	0	0
0	4	1|2	0	0	0	0

0	1	4	1	13	0	0
0	1	5|6	0	0	0	0

15	1	0	1	13	0	0
15	1	1|2	0	0	0	0

#Muro norte
*	0	*	1	20	0	0
*	0	0|2	1	10	0	0
12	0	1|2	0	0	0	0
13	0	1|2	-	123	0	1
11	0	1|2	-	3	0	1
11|13	0	3	-	123	-	1
11|13	0	4	-	189	0	1
12	0	0	-	13	-	-

#Plataforma norte...
1|8	2	1|3	1	10	0	0
8	1	1|3	1	10	0	0
1|8	1|2	4	1	13	0	1
#3|5	2	4	12	27	0	1
3|5	2	4	16	27	0	1
3|5	1	4	3	-	-	-
8	1|2	4	11	26	-	-
7	1|2	4	3	-	-	-

#Andamios...
5|15	6	4	1	14	0	1
15	6	5|6	0	0	0	0
4	6	1|3	1	16	0	1
8	6	1|3	1	16	0	1
12	6	1|3	1	16	0	1
4	6	4	1	15	0	1
8	6	4	1	15	0	1
12	6	4	1	15	0	1

#Arbustos
10	2	1	1	19	0	1
13	6	1	1	19	0	1
3	6 	1	1	19	0	1
#14	0	1	1	19	0	0
#9	0	1	1	19	0	1
#6	0	5	1	19	0	1
6	7	1	1	19	0	1

#Secreto...
6	1	5	1	10	-	1
6	1	6	1	13	-	1
6	0	7	-	188	1	-
6|15	0	7|9	-	-	-	1

################################################################################
[F]
################################################################################

#Entradas
1	4	66	16	1
1	244	18	16	2
1	244	100	80	3
1	4	18	80	4
1	195	4	16	5
1	99	4	112	6

#Salidas
#tipo	x	y	z	w	d	h	entr	sala
2	0	64	16	1	16	1	2	16
2	255	16	16	1	16	1	1	18
2	255	96	80	1	16	1	2	18
2	0	16	80	1	16	1	3	16
2	192	0	16	16	1	1	1	102
2	96	0	112	16	1	1	1	195

#Marcas salidas
14	0	16	80	113
14	0	64	16	113
14	264	16	16	111
14	264	96	80	111

#Sonido ambiente pájaros, secreto
#tipo	x	y	z	t.repr.	id_snd	volum	pan	param1	param2	activo	id
4	0	0	0	3	52	32	127	1600	300	1	0
4	0	0	0	3	53	32	127	800	400	1	0
4	0	0	0	1	56	128	127	0	0	0	2


################################################################################
[F]
################################################################################

#Interruptor secreto
#tipo	x	y	z	w	h	d	cadena	secreto t.cond	cadena.cond
8	96	16	112	16	16	1	577	1	0	0

#Bonus
14	116	20	80	4
