#Final zona 1, acceso altura doble.
#w	h	d	id_sala	cam.est secreta
8	8	11	18	1	0

################################################################################
[F]
################################################################################
#x	y	z	comp	rep	id	pla
#Suelo
*	0|6	0	1	13	0	0

#Muro invisible oeste y sur..
0	*	*	1	0	0	0
*	10	*	1	0	0	0

#Muro norte...
1|7	0	0|3	1	10	0	0
1|7	0	3|5	1	20	0	0

6|7	0	2|7	-	-	-	1
6	0	2|3	0	0	-	-

#Puertas. 
0	2	0	1	13	-	-
0	2	1|2	0	0	-	-
4	10	3	1	20	-	1
4	10	4|5	0	0	-	0

#Plataforma sur... muro invisible primero... muros reales y suelo.
1|7	7	1|3	1	0	-	-
7	7|9	0|2	1	10	-	1
1|7	9	0|2	1	10	-	1
1|7	7|9	3	1	20	-	1

#Subida
6|7	1	0	1	10	-	0
6|7	1	1	3	13	-	1
5	1	1	10	25	-	1

7	3|4	0	1	10	-	0
7	3|4	1|2	1	10	-	1
#7	3	3	13	28	-	1
7	3	3	17	28	-	1
7	4	3	3	13	-	1

#Andamio
1	6	1|3	1	16	-	1
1	6	4	1	15	-	1
0	6	4	1	7	-	1
0	6	5|6	0	0	-	1

1	1	1	1	16	-	1
1	1	2	1	15	-	1

################################################################################
[F]
################################################################################

#Entradas
1	4	36	16	1
1	4	98	80	2
1	68	164	64	3
1	98	4	32	4

#Salidas
#tipo	x	y	z	w	d	h	entr	sala
2	0	32	16	1	16	1	2	17
2	0	96	80	1	16	1	3	17
2	64	175	64	16	1	1	1	20
2	92	0	32	16	1	1	1	159

#Marcas salidas
14	0	32	16	113
14	0	96	80	113
14	64	184	64	112

#Sonido ambiente pájaros
#tipo	x	y	z	t.repr.	id_snd	volum	pan	param1	param2	activo	id
4	0	0	0	3	52	32	127	500	1000	1	0
4	0	0	0	3	53	32	127	500	500	1	0


################################################################################
[F]
################################################################################

#Bonus
14	20	19	48	105
