#Fin zona 1, acceso a zona 2.
#w	h	d	id_sala	cam.est secreta
10	16	16	19	0	0

################################################################################
[F]
################################################################################
#x	y	z	comp	rep	id	pla
#Suelo
*	9|15	0	1	13	0	0

*	6|8	1	1	13	0	0

*	5	2	1	10	0	0
*	3|5	3	1	13	0	0

3|5	11|15	0	1	2	0	0
6	13|15	0	1	2	0	0

#Cubierta suelo...
8	6|8	0	1	10	0	0
8	5	0|1	1	10	0	0
8	3|4	0|2	1	10	0	0
8	0|2	0|3	1	10	0	0

#Muro invisible
9	*	*	1	0	0	0

#Plataforma entrada...
8	13|15	1	3	2	0	1
7	13|15	1	10	21	0	1
9	14	1	1	2	0	1
9	14	2|3	0	0	0	0

#Subida: rampa y soporte...
3|5	10	1	12	23	0	1
3|5	9	1	3	2	0	1

3|5	9	2	12	23	0	1
3|5	8	2	3	2	0	1

3|5	7	3	12	23	0	1
3|5	6	3	3	2	0	1

3|5	6	4	12	23	0	1
3|5	5	4	3	2	0	1

#Relleno rampa...
3|5	6|7	2	1	2	0	1

#Columnas...

2	15	1|9	1	3	0	1

6	12	1|9	1	3	0	1
2	12	1|9	1	3	0	1

6	9	1|9	1	3	0	1
2	9	1|9	1	3	0	1

6	6	2|9	1	3	0	1
2	6	2|9	1	3	0	1

6	3	4|9	1	3	0	1
2	3	4|9	1	3	0	1

#Arcos
2	14	9	1	39	9	1
2	13	9	1	40	9	1

2	11	9	1	39	9	1
2	10	9	1	40	9	1
6	11	9	1	39	9	1
6	10	9	1	40	9	1

2	8	9	1	39	9	1
2	7	9	1	40	9	1
6	8	9	1	39	9	1
6	7	9	1	40	9	1

2	5	9	1	39	9	1
2	4	9	1	40	9	1
6	5	9	1	39	9	1
6	4	9	1	40	9	1

2	2	9	1	39	9	1
2	1	9	1	40	9	1
6	2	9	1	39	9	1
6	1	9	1	40	9	1

2	1|15	9	-	-	-	2
6	1|15	9	-	-	-	2

#Arriba: suelo
3|5	3|4	4	1	2	0	1
0|8	0|2	4	1	2	0	0

#Muro norte y puerta...
0|8	0	5|15	1	2	0	0
5|8	0	5|15	-	-	-	1
3	0	13	-	52	-	-
5	0	13	-	52	-	-

#3|5	0	5|9	0	0	0	0
3	0	5|9	1	41	1	-
4	0	5|9	1	57	1	-
5	0	5|9	1	42	1	-

#Entrada este
9	1	4	1	2	-	1
9	1	5|6	0	0	0	0

#Color puerta...
2	0	5|10	-	3	-	-
6	0	5|10	-	3	-	-
3|5	0	10	-	3	-	-

################################################################################
[F]
################################################################################

#Entradas
1	150	228	32	1
1	66	3	80	2
1	148	19	80	3

#Salidas
#tipo	x	y	z	w	d	h	entr	sala
2	159	224	32	1	16	1	4	16
2	48	0	80	48	1	1	1	21
2	159	16	80	1	16	1	2	103

#Marcas salidas
14	168	224	32	111
14	168	16	80	111

#Sonido ambiente pájaros
#tipo	x	y	z	t.repr.	id_snd	volum	pan	param1	param2	activo	id
4	0	0	0	3	52	32	127	500	1000	1	0
4	0	0	0	3	53	32	127	500	500	1	0

#Mensaje info amuleto...
#tipo	x	y	z	id_info	activo	id
18	0	0	0	50	0	2

#Sonido palanca y puerta
#4 - Reproductor_audio, vol 0-128 pan 0-255
#tipo	x	y	z	t.repr.	id_snd	volum	pan	param1	param2	activo	id
4	0	0	0	1	50	64	127	0	0	0	3
4	0	0	0	1	51	128	127	0	0	0	3

################################################################################
[F]
################################################################################

#Palanca
#tipo	x	y	z	cadena	id	t.cond	c.cond
7	133	38	80	316	0	1	318
