#Inicio zona 2, puerta cerrada y fuego para ir a zona 3.
#w	h	d	id_sala	cam.est secreta
11	8	16	21	0	0

################################################################################
[F]
################################################################################
#x	y	z	comp	rep	id	pla
#Suelo
*	5|14	0	1	2	0	0
4|6	0|5	0	1	1	0	0
2|8	5	0	1	1	0	0
4|6	3|4	0	1	59	0	0

#Muro invisible sur y puerta...
*	15	*	1	0	0	0
4|6	15	0	1	2	0	0
4|6	15	1|2	0	0	0	0

#Muro invisible este...
10	*	*	1	0	0	0
10	8	0	1	2	0	0
10	8	1|2	0	0	0	0

#Muro oeste  orte y puertas
0	0|14	2|7	1	3	0	0
0	0|14	1	1	55	0	0
0	0|14	5	1	55	0	0

0	12	1|2	0	0	0	0
0	12|14	1|7	-	-	-	1


1|9	0	2|7	1	3	0	1
9	0	1	1	3	0	1
1|9	0	5	1	55	0	1
3	0	7	-	58	-	-
7	0	7	-	58	-	-

4	0	1|3	1	41	1	1
5	0	1|3	1	9	1	1
6	0	1|3	1	42	1	1

2	0	2|3	0	0	0	1
2	0	1	1	3	-	-

8	0	2|3	0	0	0	1
8	0	1	1	3	-	-

#Plataforma oeste.
1|3	1|4	1	1	3	0	1
1|2	4	4	1	0	0	0
4	1|3	3|4	1	0	0	0
2	4	1	-	59	-	-

#Plataforma este.
7|9	1|4	1	1	3	0	1
8|9	4	4	1	0	0	0
6	1|3	3|4	1	0	0	0
8	4	1	-	59	-	-

#Columnas
3	12	1	1	55	0	1
3	12	2|6	1	56	0	1
3	12	7	1	58	0	2
3	11	7	1	60	0	2
3	10	7	1	61	0	2
3	9	7	1	62	0	2

7	12	1	1	55	0	1
7	12	2|6	1	56	0	1
7	12	7	1	58	0	2
7	11	7	1	60	0	2
7	10	7	1	61	0	2
7	9	7	1	62	0	2

3	8	1	1	55	0	1
3	8	2|6	1	56	0	1
3	8	7	1	58	0	2

7	8	1	1	55	0	1
7	8	2|6	1	56	0	1
7	8	7	1	58	0	2

3	4	1	1	55	0	1
3	4	2|6	1	56	0	1
3	4	7	1	58	0	2
3	3	7	1	60	0	2
3	2	7	1	61	0	2
3	1	7	1	62	0	2

7	4	1	1	55	0	1
7	4	2|6	1	56	0	1
7	4	7	1	58	0	2
7	3	7	1	60	0	2
7	2	7	1	61	0	2
7	1	7	1	62	0	2

3	0	1	1	3	-	0
7	0	1	1	3	-	0

#Portal...
0	3	2|3	-	-	5	-
0	3	1	1	3	-	-

0	3	4	-	81	-	1
0	4	2|4	-	81	-	1
0	3|4	5	-	235	-	1

################################################################################
[F]
################################################################################

#Entradas
1	82	242	16	1
1	164	132	16	2
1	130	4	32	3
1	34	4	32	4
1	4	194	16	5
1	82	4	16	6
1	4	52	32	7

#Entrada punto guardado...
1	32	226	16	8

#Salidas
#tipo	x	y	z	w	d	h	entr	sala
2	64	255	16	48	1	1	2	19
2	175	128	16	1	16	1	1	22
2	128	0	32	16	1	1	2	29
2	32	0	32	16	1	1	3	29
2	0	192	16	1	16	1	1	30
2	64	0	16	48	1	1	5	29
2	0	48	32	1	16	1	5	59

#Marcas salidas
14	80	264	16	112
14	184	128	16	111

#Rejas plataformas
14	16	79	32	31
14	16	79	48	31
14	16	79	64	3
14	32	79	64	3

14	144	79	32	31
14	144	79	48	31
14	128	79	64	3
14	144	79	64	3

14	63	16	32	2
14	63	32	32	2
14	63	48	32	2
14	112	16	32	2
14	112	32	32	2
14	112	48	32	2

#Portal
#tipo	x	y	z	t.actor
14	16	64	33	76
14	16	48	33	77
14	16	48	64	78

#Sonidos palanca y puerta
#tipo	x	y	z	t.repr.	id_snd	volum	pan	param1	param2	activo	id
4	0	0	0	1	50	40	127	0	0	0	6
4	0	0	0	1	51	40	127	0	0	0	7

#21 [*] - Actor punto guardado
#tipo	x	y	z	id_entrada
21	20	228	20	8
14	16	224	16	33

################################################################################
[F]
################################################################################

#Palancas
#tipo	x	y	z	cadena	id	t.cond	cadena.cond
7	116	20	32	15	0	0	0
7	52	20	32	12	0	0	0

#Alternadores... 
#tipo	x	y	z	id	t.actor	patron	paso	activo	idon	idoff
5	130	64	32	3	1	1	0	1	0	0
5	34	64	32	4	1	1	0	1	0	0

5	66	50	16	2	1	1	0	1	0	0
5	82	50	16	2	1	1	0	1	0	0
5	98	50	16	2	1	1	0	1	0	0
5	66	66	16	2	1	1	0	1	0	0
5	82	66	16	2	1	1	0	1	0	0
5	98	66	16	2	1	1	0	1	0	0

#Sonidos llamas...
#tipo	x	y	z	t.repr.	id_snd	volum	pan	param1	param2	activo	id
4	0	0	0	2	55	90	127	0	0	1	8
4	0	0	0	2	55	90	127	0	0	1	9

