#Comedor con pasaje superior.
#w	h	d	id_sala	cam.est secreta
15	8	10	22	0	0

################################################################################
[F]
################################################################################
#x	y	z	comp	rep	id	pla
#Suelo
2|13 	2|8	0	1	2	0	0
9|13	1	0	1	2	0	0
4|10	4|7	0	-	58	-	-

#Plataforma oeste: muro, puerta y suelo...
2	3|8	1|3	1	2	0	1
2	4	1|2	0	0	0	0
1|2	3|8	4	1	50	0	1

3|8	2	1|3	1	2	0	0
1|8	1|2	4	1	50	0	0
8	1	1|3	1	2	0	0
8	0	1|2	1	2	0	0

#Muro norte
0	0	7	1	3	0	0
1|8	0	5|7	1	3	0	1
9|13	0	1|7	1	3	0	1
13	0	0	1	3	0	1
7	0	5|6	0	0	0	0
7	0	4	1	50	0	0
0|6	0	1|7	-	-	-	0
9	0	0	1	2	0	0
9|11	0	4	-	63	-	-

#Puerta Norte
13	0	0	-	-	-	0
9	0	1|2	1	57	1	1

#Muro oeste
0	1|8	5|7	1	3	0	0
0	8	4	1	3	0	0

#Muro invisible este
14	*	*	1	0	0	0
14	4	0	1	2	0	0
14	4	1|2	0	0	0	0

#Muro invisible sur
*	9	*	1	0	0	0
8	9	0	1	2	0	0
8	9	1|2	0	0	0	0
1	9	4	1	50	 0	1
1	9	5|6	0	0	0	0

#Plataforma fuego...
12	1	4	1	59	0	1
13	1	4	1	50	0	1

#4	3	3	1	18	-	1

#Plataforma teletransporte con rampa...
13	1	1	3	253	-	1
12	1	1	10	21	-	1

################################################################################
[F]
################################################################################

#Entradas
1	36	70	16	1
1	146	4	16	2
1	228	68	16	3
1	132	150	16	4
1	18	148	80	5
1	116	6	80	6

#Salidas
#tipo	x	y	z	w	d	h	entr	sala
2	32	64	16	1	16	1	2	21
2	144	0	16	16	1	1	1	23
2	239	64	16	1	16	1	1	24
2	128	159	16	16	1	1	2	25
2	16	159	80	16	1	1	2	26
2	112	0	80	16	1	1	1	27

#Marcas salidas
14	248	64	16	111
14	16	168	80	112
14	128	168	16	112

#Mesa y taburete...
14	80	80	16	10
14	96	80	16	11
14	112	80	16	13
14	128	80	16	11
14	144	80	16	12
14	80	96	16	10
14	96	96	16	11
14	112	96	16	13
14	128	96	16	11
14	144	96	16	12

14	99	116	16	14
14	139	112	16	14
14	167	93	16	14

#Baranda

14	48	48	80	15
14	64	48	80	15
14	80	48	80	15
14	96	48	80	15
14	112	48	80	15
14	128	48	80	15

14	144	32	80	16
#14	144	16	80	16

14	48	48	80	16
14	48	64	80	16
14	48	80	80	16
14	48	96	80	16
14	48	112	80	16
14	48	128	80	16

14	192	32	80	15
14	208	32	80	15

#Sonidos llamas y palanca...
#tipo	x	y	z	t.repr.	id_snd	volum	pan	param1	param2	activo	id
4	0	0	0	1	62	90	127	0	0	0	2
4	0	0	0	1	61	90	127	0	0	0	4
4	0	0	0	1	50	90	127	0	0	0	3

#Teletransportadores
#tipo	x	y	z	id_tel.	id_destino
17	208	16	32	1	2
#14	208	16	32	91

17	16	16	84	2	1
14	16	16	80	91

#22 [*] - Actor recuperar tiempo
#tipo	x	y	z	w	h	d
22	48	96	16	8	16	36
14	48	96	16	59
14	49	97	24	106

################################################################################
[F]
################################################################################

#Interruptor y llama
#tipo	x	y	z	cadena	id	t.cond	cadena.cond
7	216	20	80	17	0	0	0

#tipo	x	y	z	id	t.actor	patron	paso	activo	idon	idoff
5	194	18	80	0	1	4	0	1	2	4

#Bonus
#14	68	52	64	105
