#Despensa sin salida...
#w	h	d	id_sala	cam.est secreta
8	7	8	23	1	0

################################################################################
[F]
################################################################################
#x	y	z	comp	rep	id	pla
#Suelo
1|7	1|6	0	1	2	0	0

#Muro sur invisible.
*	7	*	1	0	0	0
4	7	0	1	2	0	0
4	7	1|2	0	0	0	0

#Muros norte y oeste...
0|7	0	1|8	1	12	0	0
7	0	0	1	2	0	0

0	1|6	1|8	1	12	0	0
0	6	0	1	2	0	0

#Rampa sur...
3	6	1	11	34	0	1
2	6	2	11	34	0	1

2	6	1	3	4	0	1
1	6	2	3	4	0	1
1	6	1	3	4	0	1

#Rampa oeste
1	5	3	12	35	0	1
1	4	3	3	4	0	1
1	4|5	1|2	1	4	0	1

#Plataforma norte y alacenas
1|3	1	3	1	64	0	1
6|7	1	3	1	64	0	1

1|3	1	2	1	0	0	1
6|7	1	2	1	0	0	1

1|3	1	1	1	65	0	1
6|7	1	1	1	65	0	1

################################################################################
[F]
################################################################################

#Entradas
1	68	116	16	1

#Salidas
#tipo	x	y	z	w	d	h	entr	sala
2	64	127	16	16	1	1	2	22

#Marcas salidas
14	64	136	16	112

#Mesa
14	98	74	16	13
14	100	92	16	14

#Cajas y barriles...
14	32	66	16	9
14	32	74	16	9
14	32	70	24	9
14	70	16	16	9
14	18	37	16	19

################################################################################
[F]
################################################################################

#Cofre
6	116	21	64	1

#Bonus
14	46	48	16	4
14	70	40	16	4
14	113	55	16	4
14	101	75	25	4
14	46	73	16	105
14	53	84	16	105
