#Suerte de cocinas con doble nivel...
#w	h	d	id_sala	cam.est secreta
9	7	12	25	1	0

################################################################################
[F]
################################################################################
#x	y	z	comp	rep	id	pla 

#Suelos
1|7	1|8	0	1	2	0	0
1|7	9|11	3	1	55	0	1

#Muro Oeste, juntura y puerta...
0	1|8	1|6	1	3	0	0
0	9|11	4|6	1	3	0	1
0	11	3	1	3	0	0
0	10	3	1	55	0	0
0	10	4|5	0	0	0	0

#Muro Norte y puerta
0	0	6	1	3	0	0
1|7	0	1|6	1	3	0	0
4	0	0	1	2	0	0
4	0	1|2	0	0	0	0
5|7	0	*	-	-	-	1
7	0	0	1	2	0	0

#Muro invisible este... puerta
8	*	*	1	0	0	0
8	10	3	1	55	0	1
8	10	4|5	0	0	0	0

#Muro invisible
0|8	9	1|2	1	0	0	0
7	9	0|2	1	2	0	1

#Columnas...
1	9	4|5	1	56	0	1
1	9	6	1	58	0	1

7	9	4|5	1	56	0	1
7	9	6	1	58	0	1
6	9	6	1	70	0	1
3|5	9	6	1	71	0	1
2	9	6	1	72	0	1
1	10	6	1	62	0	1
1	11	6	1	61	0	1
7	10	6	1	62	0	1
7	11	6	1	61	0	1

1	8	6	1	60	0	1
1	3|7	6	1	61	0	1
1	2	6	1	62	0	1

1	1	6	1	58	0	1
2	1	6	1	72	0	1
3|5	1	6	1	71	0	1
6	1	6	1	70	0	1
7	1	6	1	58	0	1
7	8	6	1	60	0	1
7	3|7	6	1	61	0	1
7	2	6	1	62	0	1
1	1	2|5	1	56	0	1
1	1	1	1	58	0	1
7	1	2|5	1	56	0	1
7	1	1	1	58	0	1

#Horno...
1	3|5	1	1	4	0	1
1	4	2|3	1	4	0	1
1	4	4	1	34	0	1
1	5	2	1	35	0	1
1	3	2	1	36	0	1
1	4	1	1	73	0	1

################################################################################
[F]
################################################################################

#Entradas
1	132	164	64	1
#1	68	164	64	1
1	68	4	16	2
1	4	164	64	3

#Salidas
#tipo	x	y	z	w	d	h	entr	sala
2	64	0	16	16	1	1	4	22
2	141	160	64	1	16	1	2	24
2	0	160	64	1	16	1	1	26

#Marcas salidas
14	150	160	64	111

#Taburetes, cajas...
14	40	52	16	14
14	32	83	16	9

#Sonido ambiente llamas
#tipo	x	y	z	t.repr.	id_snd	volum	pan	param1	param2	activo	id
4	0	0	0	2	63	16	127	0	0	1	0

#Rejas
14	32	152	64	45
14	48	152	64	45
14	64	152	64	45
14	80	152	64	45
14	96	152	64	45

14	32	152	80	45
14	48	152	80	45
14	64	152	80	45
14	80	152	80	45
14	96	152	80	45


################################################################################
[F]
################################################################################

#Bonus
14	44	68	16	4
14	49	84	16	4
