#Pasaje superior entre cocina y comedor.
#w	h	d	id_sala	cam.est secreta
8	5	8	26	1	0

################################################################################
[F]
################################################################################
#x	y	z	comp	rep	id	pla 

#Suelos
1|6	5|7	0	1	55	0	0
1|3	1|4	0	1	55	0	0
0	7	0	1	55	0	0
3	0	0	1	55	0	0
2	2|4	0	4	6	0	0
4|5	6	0	4	6	0	0
4|5	5	0	1	59	0	0
4|5	7	0	1	59	0	0


#Muro norte y oeste.
1|3	0	1|4	1	3	0	1
2	0	1|2	0	0	0	0
2	0	0	1	55	0	0

0	1|7	1|4	1	3	0	1
0	0	4	1	3	0	0
0	2	1|3	1	47	0	1
0	4	1|3	1	47	0	1

#Muros invisibles
4	1|4	1|4	1	0	0	0
5|6	4	1|4	1	0	0	0

#Puerta este
7	5|7	*	1	0	0	0
7	6	0	1	55	0	0
7	6	1|2	0	0	0	0

#Secreto
0	3	1	-	-	1	-
0	3	1|3	-	63	-	-
0	3	0	1	55	-	0

################################################################################
[F]
################################################################################

#Entradas
1	116	100	16	1
1	36	4	16	2
1	4	50	16	3

#Salidas
#tipo	x	y	z	w	d	h	entr	sala
2	127	96	16	1	16	1	3	25
2	32	0	16	16	1	1	5	22
2	0	48	16	1	16	1	1	70

#Marcas salidas
14	136	96	16	111

#Rejas...
14	64	96	16	21
14	81	96	16	21
14	64	112	16	21
14	80	112	16	21

14	64	96	16	20
14	96	96	16	20


14	32	32	16	21
14	32	81	16	21

14	32	32	16	20
14	32	48	16	20
14	32	64	16	20

14	48	32	16	20
14	48	48	16	20
14	48	64	16	20

#Llamas
#tipo	x	y	z	id	t.actor	patron	paso	activo	idon	idoff
5	66	82	16	0	1	5	0	1	3	6
5	82	82	16	0	1	5	0	1	0	0

5	66	114	16	0	1	5	1	1	4	7
5	82	114	16	0	1	5	1	1	0	0

#Disparadores
#tipo	x	y	z	t.proy.	patron	direc.	veloc.	paso.	act.	id	idon
13	16	68	20	5	6	4	80	0	1	0	5
13	16	68	36	5	6	4	80	0	1	0	0
13	16	68	52	5	6	4	80	0	1	0	0

13	16	34	20	5	6	4	80	3	1	0	5
13	16	34	36	5	6	4	80	3	1	0	0
13	16	34	52	5	6	4	80	3	1	0	0


#Sonido secreto
#tipo	x	y	z	t.repr.	id_snd	volum	pan	param1	param2	activo	id
4	0	0	0	1	56	128	127	0	0	0	2

#Sonidos, lava, llamas y dardos...
#tipo	x	y	z	t.repr.	id_snd	volum	pan	param1	param2	activo	id
4	0	0	0	2	58	16	127	0	0	1	0

4	0	0	0	1	62	90	127	0	0	0	3
4	0	0	0	1	62	90	127	0	0	0	4

4	0	0	0	1	61	90	127	0	0	0	6
4	0	0	0	1	61	90	127	0	0	0	7

4	0	0	0	1	57	64	127	0	0	0	5


################################################################################
[F]
################################################################################

#Interruptores secretos
#tipo	x	y	z	w	h	d	cadena	secreto t.cond	cadena.cond
8	15	48	16	1	16	16	117	1	0	0
