#Sala en C con trampas.
#w	h	d	id_sala	cam.est secreta
14	8	13	28	0	0

################################################################################
[F]
################################################################################
#x	y	z	comp	rep	id	pla 

#Suelos
*	*	0	2	0	0	0
1|14	1|3	3	1	54	-	-
1|3	4|9	3	1	54	-	-
1|6	10|12	3	1	54	-	-
7|9	7|9	3	1	54	-	-
10|12	10|12	3	1	54	-	1
4|9	1|3	3	1	59	-	-

#Muro norte y oeste... Puerta
1|12	0	4|7	1	4	-	0
12	0	3	1	4	-	0

0	1|12	4|7	1	4	-	0
0	12	3	1	4	-	0

0	0	7	1	4	-	0

0	2	4|5	1	57	1	0
0	2	3	1	54	-	0
0	3	4|6	1	78	-	1
0	2	6	1	78	-	1

0	4	4	-	47	-	-
0	6	4	-	47	-	-
0	8	4	-	47	-	-

#Muro invisible este y puerta
13	*	*	1	0	0	0
13	11	3	1	54	-	1
13	11	4|5	0	0	-	-

#Muros invisibles...
10|12	9	*	1	0	-	1
10	7|8	*	1	0	-	1
7|9	6	*	1	0	-	1
6	7|9	*	1	0	-	1
5	9	*	1	0	-	1
4	4|9	*	1	0	-	1
5|12	4	*	1	0	-	1
13	1|3	*	1	0	-	1

#Partes visibles...
10|12	9	4	-	4	-	-
10	6|8	4|5	-	67	-	-
7|9	6	4	-	4	-	-
6	6|9	4	-	4	-	-
4|5	9	4	-	4	-	-

10|12	9	5	-	66	-	-
#10	6|8	5	-	66	-	-
7|9	6	5	-	66	-	-
6	6|9	5	-	66	-	-
4|5	9	5	-	66	-	-

#Plataforma Norte
4|11	1	6	1	18	-	1

#Muros internos caida...
6	10|12	0	1	38	-	0
7|9	9	0	1	38	-	-
6	10|12	1|2	1	10	-	0
7|9	9	1|2	1	10	-	-
10	10|12	0|2	1	0	-	-

#Rampa...
11	3	4	10	33	-	1
12	1|3	4	3	4	-	1
12	1	5	3	4	-	1
12	2	5	12	35	-	1

#Plataforma secreta...
8	10	3	0	0	2	1

################################################################################
[F]
################################################################################

#Entradas
1	212	180	64	1
1	4	36	64	2

#Salidas
#tipo	x	y	z	w	d	h	entr	sala
2	223	176	64	1	16	1	2	27
2	0	32	64	1	16	1	1	29

#Marcas salidas
14	232	176	64	111

#Disparadores
#tipo	x	y	z	t.proy.	patron	direc.	veloc.	paso.	act.	id	idon
13	16	134	68	5	7	4	80	0	1	0	4
13	16	67	68	5	7	4	80	0	1	0	4

#Llamas
#tipo	x	y	z	id	t.actor	patron	paso	activo	idoon	idoff
5	66	18	68	0	1	8	8	1	0	3
5	66	34	68	0	1	1	0	1	0	3
5	66	50	68	0	1	1	0	1	0	3

5	82	18	68	0	1	8	7	1	0	3
5	82	34	68	0	1	1	0	1	0	0
5	82	50	68	0	1	1	0	1	0	0

5	98	18	68	0	1	8	6	1	0	3
5	98	34	68	0	1	8	5	1	0	3
5	98	50	68	0	1	8	4	1	0	3

5	114	18	68	0	1	1	0	1	0	0
5	114	34	68	0	1	1	0	1	0	0
5	114	50	68	0	1	8	3	1	0	3

5	130	18	68	0	1	1	0	1	0	0
5	130	34	68	0	1	8	1	1	0	3
5	130	50	68	0	1	8	2	1	0	3

5	146	18	68	0	1	1	0	1	0	0
5	146	34	68	0	1	8	0	1	0	3
5	146	50	68	0	1	1	0	1	0	0

#Sonidos, llamas fijas, llama apagar y dardos...
#tipo	x	y	z	t.repr.	id_snd	volum	pan	param1	param2	activo	id
4	0	0	0	2	55	16	127	0	0	1	0
4	0	0	0	1	61	90	127	0	0	0	3
4	0	0	0	1	57	32	127	0	0	0	4

#Sonidos palanca y puerta...
#tipo	x	y	z	t.repr.	id_snd	volum	pan	param1	param2	activo	id
4	0	0	0	1	50	90	127	0	0	0	5
4	0	0	0	1	51	90	127	0	0	0	5

################################################################################
[F]
################################################################################

#Interruptor puerta y secreto...
#tipo	x	y	z	cadena	id	t.cond	cadena.cond
7	164	20	64	27	0	0	0

#tipo	x	y	z	w	h	d	cadena	secreto t.cond	cadena.cond
8	16	92	64	1	16	16	29	0	0	0

#Reja pasaje superior.
#5 - Alternador actor genérico
#tipo	x	y	z	id	t.actor	patron	paso	activo	id_on	id_off
5	64	16	112	6	30	1	0	1	0	0

#Bonus
14	121	128	64	4
14	128	134	64	4
14	118	144	64	4
14	128	147	64	105
14	116	115	64	105
14	127	119	64	105
