#Acceso azona jardines...
#w	h	d	id_sala	cam.est secreta
13	12	12	30	1	0x

################################################################################
[F]
################################################################################
#x	y	z	comp	rep	id	pla 
*	*	0	2	0	0	0

#Suelo principal...

6	0	0|3	1	0	0	0
4|11	1|3	0|3	1	0	0	0
2|7	4|5	0|3	1	0	0	0
3|7	6|7	0|3	1	0	0	0
5|6	8	0|3	1	0	0	0
5|11	9|11	0|3	1	0	0	0

6	0	3	-	13	0	0
4|11	1|3	3	-	13	0	1
2|7	4|5	3	-	13	0	1
3|7	6|7	3	-	13	0	1
5|6	8	3	-	13	0	1
5|11	9|11	3	-	13	0	1

#Muros suelo ppal...
5|11	11	1|2	-	10	0	0
5|11	11	0	-	38	0	0

3|4	7	2	-	10	0	0
3	7	1	-	10	0	0
3	7	0	-	38	0	0

2	5	2	-	10	0	0

#Estructura salida... 
7|11	4	4|5	1	3	0	1
7|11	8	4|5	1	3	0	1

8	5|7	3	1	4	0	1

9	5|7	4	10	33	0	1
10	5|7	4	3	33	0	1
10	5|7	5	10	33	0	1
11	5|7	5	3	4	0	1

11	5|7	4	0	3	0	1
11	4|8	3	0	3	0	1

7|11	8	4	-	179	-	-
10	8	4	-	3	-	-

#Columnas...
8	4	6|7	1	56	0	1
10	4	6|7	1	56	0	1
8	8	6|7	1	56	0	1
10	8	6|7	1	56	0	1

8	4	8	1	58	0	1
10	4	8	1	58	0	1
8	8	8	1	58	0	1
10	8	8	1	58	0	1


#Plataforma flotante...

1|2	11	3	1	13	0	1
1	10	3	1	13	0	1

1|2	11	1|2	1	10	0	1
1	10	1|2	1	10	0	1

1|2	11	0	1	38	0	1
1	10	0	1	38	0	1

#Muro invisible este... Puerta
12	*	*	1	0	0	0
12	6	5	1	4	0	1
12	6	6|7	0	0	0	0

#Muro norte
4|5	0	4|8	1	3	0	1
6	0	6|8	1	3	0	1
7|11	0	4|8	1	3	0	1
11	0	3	1	3	0	0

4|5	0	5	1	63	0	1
7|11	0	5	1	63	0	1

4|5	0	4	-	178	-	-
7|11	0	4	-	179	-	-

#Secreto
10	8	4	-	-	1	-
10	8	3	13	98	-	-
9	8	3	1	3	-	-
11	8	3	1	-	-	-
10	7	3|4	1	-	-	-

10	7	4	3	-	-	-
10	9	3	3	-	-	-

################################################################################
[F]
################################################################################

#Entradas
1	196	98	96	1
1	98	4	64	2
1	164	134	63	3

#Salidas
#tipo	x	y	z	w	d	h	entr	sala
2	207	96	96	1	16	1	5	21
2	96	0	64	16	1	1	1	31
2	160	128	56	16	1	1	1	72

#Marcas salidas
14	216	96	96	111

#Sonido secreto
#tipo	x	y	z	t.repr.	id_snd	volum	pan	param1	param2	activo	id
4	0	0	0	1	56	128	127	0	0	0	2

#Sonido ambiente pájaros
#tipo	x	y	z	t.repr.	id_snd	volum	pan	param1	param2	activo	id
4	0	0	0	3	52	32	127	1000	500	1	0
4	0	0	0	3	53	32	127	1000	500	1	0

#Flores
14	60	87	64	118
14	102	163	64	119

################################################################################
[F]
################################################################################

#Interruptores secretos
#tipo	x	y	z	w	h	d	cadena	secreto t.cond	cadena.cond
8	160	144	64	16	16	1	123	1	0	0

#Bonus
14	19	176	64	105
14	134	69	144	4
14	133	134	144	4
