#Acceso hub jardines...
#w	h	d	id_sala	cam.est secreta
8	8	15	31	0	0

################################################################################
[F]
################################################################################
#x	y	z	comp	rep	id	pla 
*	*	0	5	0	0	0

7	7|9	0	-	79	-	-
4|6	5|10	0	-	79	-	-
2|5	3|4	0	-	79	-	-

#Suelos y plataformas... Sur
4|7	12|13	0|3	1	0	0	1
7	10|11	0|3	1	0	0	1

4|7	12|13	3	1	13	0	1
7	10|11	3	1	13	0	1

7	10|13	1|2	-	10	-	-
#7	10|13	0	-	38	-	-

4|6	13	1|2	-	10	-	-
#4|6	13	0	-	38	-	-

#Suelos y plataformas... norte, flotantes
7	3|6	0|3	1	0	0	0
1|7	1|2	0|3	1	0	0	0

7	3|6	3	-	13	-	1
1|7	1|2	3	-	13	-	1

7	3|6	2	-	10	-	-
1|7	1|2	2	-	10	-	-

7	3|6	1	-	83	-	-
1|7	1|2	1	-	83	-	-

#7	3|6	0	-	38	-	-
#1|7	1|2	0	-	38	-	-

4	8	3	1	20	0	1
4	6	4	1	17	0	1 

4	1|2	1|2	-	80	-	-
#4	2	2	-	0	-	-
4	1|2	3	-	14	-	-
4	0	3	-	3	-	0


#Muro invisible sur.

*	14	*	1	0	0	0
6	14	3	1	13	0	1
6	14	4|5	0	0	0	0

#Muro norte...
1|7	0	4|7	1	3	0	0
0	0	7	1	3	0	0
7	0	1|3	-	3	-	0
1|7	0	5	-	63	-	-

#Muro oeste...
0	1|4	4|7	1	3	0	0
0	2	4|5	0	0	0	0
0	2	3	1	13	0	0
0	3	4|6	-	81	-	1
0	2	6	-	81	-	1

3	5|13	4|7	1	3	0	1
3	5|11	3	1	77	0	1
3	5|11	0|2	1	20	0	1
3	5|11	0	1	82	0	1
3	5|13	5	-	63	-	-

1|2	5	6|7	1	3	0	-
1	5	4|5	1	3	0	-
0	5	4|7	1	3	0	-
3	10	0|4	1	80	0	-
3	10	5	1	0	0	-
3	13	1|3	1	3	-	-

#Secreto...
3	8	4	-	77	1	-
2	8	4	1	-	-	-

################################################################################
[F]
################################################################################

#Entradas
1	100	230	64	1
1	4	34	64	2
1	52	131	64	3

#Salidas
#tipo	x	y	z	w	d	h	entr	sala
2	0	32	64	1	16	1	1	32
2	96	239	64	16	1	1	2	30
2	48	128	64	1	16	1	1	73

#Marcas de salidas
14	96	248	64	112

#Sonido secreto
#tipo	x	y	z	t.repr.	id_snd	volum	pan	param1	param2	activo	id
4	0	0	0	1	56	128	127	0	0	0	2

#Sonido ambiente agua y pájaros
#tipo	x	y	z	t.repr.	id_snd	volum	pan	param1	param2	activo	id
4	0	0	0	2	65	16	127	0	0	1	0
4	0	0	0	3	52	32	127	1000	500	1	0
4	0	0	0	3	53	32	127	1000	500	1	0

################################################################################
[F]
################################################################################

#Interruptores secretos
#tipo	x	y	z	w	h	d	cadena	secreto t.cond	cadena.cond
8	64	128	64	1	16	16	126	1	0	0

#Bonus
14	66	98	80	4
