#Acceso palanca SO.
#w	h	d	id_sala	cam.est secreta
12	8	13	33	0	0

################################################################################
[F]
################################################################################
#x	y	z	comp	rep	id	pla
*	*	*	0	0	0	0
*	*	0	5	-	-	-

#Suelo principal
3|11	3	2	1	85	-	-
1|4	4|6	2	1	13	-	-
1|5	10|11	2	1	13	-	1
3	3|6	2	1	85	-	-
3	10|11	2	1	85	-	1

#Suelo intermedio
1	1|3	3	1	4	-	-
2	2	3	1	4	-	-

#Suelo superior
3|10	1|2	4	1	87	-	1

#Agua
1|5	7|9	0	-	79	-	-
5	4|6	0	-	79	-	-
6|10	4	0	-	79	-	-

#Muros invisibles y puertas
11	*	*	1	0	-	-
11	3	2	1	85	-	-
11	3	3|4	0	0	-	-

*	12	*	1	0	-	-
3	12	2	1	85	-	1
3	12	3|4	0	0	-	-

6|11	5	*	1	-	-	-
5	10|12	*	1	-	-	-

3|11	3	5|7	1	0	-	-

#Muro norte y oeste
1|2	0	4|7	1	3	-	-
3|10	0	5|7	1	3	-	-
1|10	0	6	1	63	-	-
8	0	5|7	1	46	-	-
6	0	5|7	1	46	-	-
4	0	5|7	1	46	-	-

0	1|3	4|7	1	3	-	-
0	4|6	3|7	1	3	-	-
0	7|9	1|7	1	3	-	-
0	10|11	2|7	1	3	-	-
0	4|11	3	1	63	-	-
0	1|11	6	1	63	-	-

0	0	7	1	3	-	-
10	0	4	1	3	-	-

0	8	1|2	0	0	-	-
0	8	0	5	79	-	-
0	8|11	1|7	-	-	-	1

#Rampas
2	3	3	11	34	-	-
1	3	3	3	-	-	-

2	1	4	10	33	-	-
3	1	4	3	-	-	-

#Muros plataformas.
3|10	2	3	1	4	-	-
10	2	2	1	4	-	-
10	1	2|3	1	4	-	-
10	0	2|3	1	3	-	-

1|4	6	1	1	83	-	-
4	4|5	1	1	83	-	-
5|10	3	1	1	83	-	-

0	11	1	1	3	-	-
1|5	11	1	1	83	-	1
5	10	1	1	83	-	1

#Puente
3	7|9	2	1	59	-	1
1|4	7|9	4|7	1	0	-	-
3	7|9	4|7	0	0	-	-

#Secreto
5	0	5	-	63	3	0
5	0	4	1	4	-	-
5	0	6|7	-	-	-	1
6|10	0	5|7	-	-	-	1

################################################################################
[F]
################################################################################

#Entradas
1	182	52	48	1
1	52	196	48	2
1	84	4	80	3
1	4	130	16	4

#Salidas
#tipo	x	y	z	w	d	h	entr	sala
2	191	48	48	1	16	1	2	32
2	48	207	48	16	1	1	1	34
2	82	0	80	16	1	1	1	75
2	0	128	16	1	16	1	2	131

#Marcas salida
14	200	48	48	111
14	48	216	48	112

#Rejas
14	16	160	48	21
14	32	160	48	21
14	64	160	48	21
14	80	160	48	21

#14	16	112	48	21
14	32	112	48	21
14	64	112	48	21

14	48	48	80	21
14	64	48	80	21
14	80	48	80	21
14	96	48	80	21
14	112	48	80	21
14	128	48	80	21
14	146	48	80	21
14	160	48	80	21

#Sonido secreto
#tipo	x	y	z	t.repr.	id_snd	volum	pan	param1	param2	activo	id
4	0	0	0	1	56	128	127	0	0	0	4

#Sonido ambiente agua y pájaros
#tipo	x	y	z	t.repr.	id_snd	volum	pan	param1	param2	activo	id
4	0	0	0	2	65	16	127	0	0	1	0
#4	0	0	0	3	52	32	127	1000	500	1	0
#4	0	0	0	3	53	32	127	1000	500	1	0

#Sonido palanca, dardos
4	0	0	0	1	50	32	127	0	0	0	5
4	0	0	0	1	57	32	127	0	0	0	6

#Escalera
#10 - Escalera (flags: 1 tope escalable. 2 base invertir).
#tipo	x	y	z	h	orient	flags	activa	id
10	18	112	32	16	1	1	1	0
14	18	112	32	70
14	18	112	48	71
14	25	112	48	71

################################################################################
[F]
################################################################################

#Interruptores secretos
#tipo	x	y	z	w	h	d	cadena	secreto t.cond	cadena.cond
8	82	16	80	16	16	1	133	1	0	0

#Palanca
#tipo	x	y	z	cadena	id	t.cond	cadena.cond
7	165	20	80	39	0	0	0

#Alternadores... 
#tipo	x	y	z	id	t.actor	patron	paso	activo	idon	idoff
5	50	114	48	1	1	1	0	1	0	0
5	50	130	48	1	1	1	0	1	0	0
5	50	146	48	1	1	1	0	1	0	0

#Disparadores...
#tipo	x	y	z	t.proy.	patron	direc.	veloc.	paso.	activo	id	idon
13	68	16	80	1	1	2	64	0	0	2	6
13	68	16	98	1	1	2	64	0	0	2	0
13	68	16	116	1	1	2	64	0	0	2	0

13	102	16	80	1	3	2	64	1	0	2	6
13	102	16	98	1	3	2	64	1	0	2	0
13	102	16	116	1	3	2	64	1	0	2	0

13	134	16	80	1	3	2	64	0	0	2	6
13	134	16	98	1	3	2	64	0	0	2	0
13	134	16	116	1	3	2	64	0	0	2	0

#Sonido fuego.
4	0	0	0	2	55	64	127	0	1	1	7

