#palanca SO.
#w	h	d	id_sala	cam.est secreta
8	7	10	34	1	0

################################################################################
[F]
################################################################################
#x	y	z	comp	rep	id	pla
*	*	*	0	0	0	0
*	*	0	5	-	-	-

#Suelos
2|6	1	2	1	13	-	-
4	1	2	1	85	-	-

2	2	2	1	90	-	-
6	2	2	1	90	-	-
2	7	2	1	90	-	-
6	7	2	1	90	-	-
3|5	2	2	1	89	-	-
3|5	7	2	1	89	-	-
2	3|6	2	1	88	-	-
6	3|6	2	1	88	-	-

3	4	2	1	58	-	-
5	5	2	1	58	-	-

#Agua
1	1|9	0	-	79	-	-
7	1|9	0	-	79	-	-
2	8|9	0	-	79	-	-
6	8|9	0	-	79	-	-


#Plataforma palanca
3	9	3	3	4	-	1
5	9	3	3	4	-	1
4	8|9	3	1	4	-	1
3	8	3	13	36	-	1
5	8	3	13	36	-	1

#Bloque central
3|5	3	3	1	4	-	1
4|5	4	3	1	4	-	1
3|4 	5	3	1	4	-	1
3|5	6	3	1	4	-	1

#Muros norte y oeste, puerta

1|7	0	3|6	1	3	-	1
1	0	1|6	1	3	-	0
7	0	1|2	1	3	-	0

1|7	0	5	-	63	-	-
1|7	0	3	-	63	-	-

0	1|9	1|6	1	3	-	1
0	1|9	5	-	63	-	-
0	1|9	3	-	63	-	-

0	0	6	1	3	-	-

4	0	2	1	85	-	-
4	0	3|4	0	0	-	-

#Muros plataformas...
6	1	1	1	83	-	-
6	2|7	1	1	82	-	-

5	8|9	1	1	82	-	1
3|4	9	1	1	82	-	1
5	8|9	2	1	55	-	1
3|4	9	2	1	55	-	1

#Muros invisibles perímetro...
1	1|7	3|6	1	0	-	-
7	1|7	3|6	1	0	-	-

#Catarata...
0	2	1|4	1	80	-	-
0	7	1|4	1	80	-	-
0	2	5	1	0	-	-
0	7	5	1	0	-	-

################################################################################
[F]
################################################################################

#Entradas
1	64	4	48	1

#Salidas
#tipo	x	y	z	w	d	h	entr	sala
2	64	0	48	16	1	1	2	33

#Rejas...
14	31	16	48	20
14	31	32	48	20
14	31	48	48	20
14	31	64	48	20
14	31	80	48	20
14	31	96	48	20
14	31	112	48	20

14	112	16	48	20
14	112	32	48	20
14	112	48	48	20
14	112	64	48	20
14	112	80	48	20
14	112	96	48	20
14	112	112	48	20

14	48	48	64	20
14	64	64	64	20
14	48	80	64	20
14	48	96	64	20

14	95	48	64	20
14	95	64	64	20
14	79	80	64	20
14	95	96	64	20

14	48	48	64	21
14	64	48	64	21
14	80	48	64	21

14	48	112	64	21
14	64	112	64	21
14	80	112	64	21

14	48	79	64	21
14	80	79	64	21

#Sierras
12	39	49	48	4	2	32
11	39	126	48	1
11	39	36	48	2

12	103	80	48	4	1	32
11	103	126	48	1
11	103	36	48	2

12	60	38	48	3	8	32
11	32	38	48	4
11	108	38	48	8

12	33	118	48	3	4	32
11	32	118	48	4
11	110	118	48	8

#Sonido ambiente agua y sierras
#tipo	x	y	z	t.repr.	id_snd	volum	pan	param1	param2	activo	id
4	0	0	0	2	65	16	127	0	0	1	0
4	0	0	0	3	66	32	127	0	1000	1	0
4	0	0	0	3	66	32	127	500	1000	1	0

#Sonido palanca
4	0	0	0	1	50	32	127	0	0	0	1

################################################################################
[F]
################################################################################

#Palanca
#tipo	x	y	z	cadena	id	t.cond	cadena.cond
7	68	132	64	31	0	0	0

#Cofre
6	51	82	64	2
