#Acceso a palanca NO
#w	h	d	id_sala	cam.est secreta
12	12	13	35	0	0

################################################################################
[F]
################################################################################
#x	y	z	comp	rep	id	pla
*	*	*	0	0	0	0
*	*	0	5	-	-	-

#Suelos por nivel...
10	12	0	1	38	0	1
10	12	1	1	13	0	1

1|4	1|2	2	1	13	-	0
4	1	2	1	85	-	-
#4|5	3	2	1	13	-	1

10	9	2	1	13	-	1
7	10	2	1	13	-	1
8|10	10|11	2	1	13	-	1
9|10	10	2	1	85	-	-

5	1|2	3	1	13	-	1
7	10	3	1	13	-	1
7	10	2	1	10	-	1
3	1	4	1	13	-	1
3	1	3	1	10	-	1
6|7	9	4	1	13	-	1

1	1|3	5	1	17	-	1
8	9	5	1	13	-	1

1	6	6	1	91	-	1
9	9	6	1	13	-	1

1	9	7	1	20	-	1
#2	9	7	1	17	-	1
6|10	8	7	1	13	-	1
6	9	7	1	18	-	1

#Agua
1|5	3|12	0	5	79	-	-
6|7	9|12	0	5	79	-	-
8|9	12	0	5	79	-	-

#Muros invisibles, puertas
11	*	*	1	0	-	-

6	1|7	*	1	0	-	-
7|11	7	*	1	0	-	-

11	10	2	1	85	-	1
11	10	3|4	0	0	-	-

#Muros norte y oeste, puerta.
1|5	0	11	1	66	-	1
0	1|12	11	1	66	-	-

1|5	0	9|10	1	4	-	1
0	1|12	9|10	1	4	-	-

1|5	0	8	1	76	-	1
0	1|12	8	1	76	-	-

1|5	0	3|7	1	20	-	1
0	1|12	2|7	1	20	-	-
0	1|12	1	1	82	-	-

4	0	3|4	0	0	-	-
4	0	2	1	85	-	-

#Muros plataformas.
8	9	3|4	1	10	-	1
9	9	3|5	1	10	-	1
10	8	3|6	1	10	-	1
8	8	6	1	10	-	1
6|7	8	5|6	1	10	-	1
6|10	7	8	1	76	-	1
6|10	7	9	1	66	-	1

5	0|2	1|2	1	10	-	0
5	0|2	0	1	38	-	0

10	7	7	1	20	-	0
10	7	1|6	1	10	-	0
10	8|11	1	1	10	-	0
10	8	2	1	10	-	0
10	7|11	0	1	38	-	0

8|9	11	1	1	10	-	0
8|9	11	0	1	38	-	0

1	2	1	1	83	-	0

#Bordes y secreto
0	2	3	1	184	-	1
1|2	0	3	1	183	-	-

0	0	3	1	183	-	-
0	1	2	1	13	-	-

0	1	3	-	-	1	-

################################################################################
[F]
################################################################################
#Entradas
1	180	164	48	1
1	66	4	48	2
1	4	18	48	3

#Salidas
#tipo	x	y	z	w	d	h	entr	sala
2	191	160	48	1	16	1	3	32
2	64	0	48	16	1	1	1	36
2	0	16	48	1	16	1	1	76

#Marcas salidas
14	200	160	48	111

#Escaleras
#tipo	x	y	z	h	orient	flags	activa	id
10	32	147	96	32	8	1	1	0

14	32	147	96	65
14	32	147	112	65
14	32	147	128	66
14	32	154	128	66

10	93	147	96	32	12	1	1	0

14	93	147	96	65
14	93	147	112	65
14	93	147	128	66
14	93	154	128	66

#Sonido secreto
#tipo	x	y	z	t.repr.	id_snd	volum	pan	param1	param2	activo	id
4	0	0	0	1	56	128	127	0	0	0	2

#Sonido ambiente agua y viento
#tipo	x	y	z	t.repr.	id_snd	volum	pan	param1	param2	activo	id
4	0	0	0	2	65	16	127	0	0	1	0
4	0	0	0	2	59	16	127	0	0	1	0

#Teletransportadores
#tipo	x	y	z	id_tel.	id_destino
17	160	144	52	1	2
14	160	144	48	91

17	80	16	70	2	1
14	80	16	64	91

################################################################################
[F]
################################################################################

#Interruptores secretos
#tipo	x	y	z	w	h	d	cadena	secreto t.cond	cadena.cond
8	16	16	48	1	16	16	136	1	0	0

