#Palanca NO
#w	h	d	id_sala	cam.est secreta
8	11	21	36	0	0

################################################################################
[F]
################################################################################
#x	y	z	comp	rep	id	pla
*	*	*	0	0	0	0
*	*	0	5	-	-	-

#Plataformas

4	3|5	4	1	4	-	1
4	8	4	1	4	-	1
4	10	4	1	4	-	1
4	13|14	4	1	4	-	1
4	19	4	1	4	-	1

4	3|5	3	1	76	-	1
4	8	3	1	76	-	1
4	10	3	1	76	-	1
4	13|14	3	1	76	-	1
4	19	3	1	76	-	1

4	3|5	2	1	20	-	1
4	8	2	1	20	-	1
4	10	2	1	20	-	1
4	13|14	2	1	20	-	1
4	19	2	1	20	-	1

4	3|5	1	1	82	-	1
4	8	1	1	82	-	1
4	10	1	1	82	-	1
4	13|14	1	1	82	-	1
4	19	1	1	82	-	1

1	8	4	1	91	-	1
1	9	6	1	91	-	1

#Plataformas madera...
4	7	4	1	92	1	1
4	6	4	1	18	1	1
4	9	4	1	18	1	1
4	11	4	1	18	1	1
4	12	4	1	92	1	1
4	15	4	1	18	1	1
4	16	4	1	92	1	1

#Agua
1|7	1|19	0	-	79	-	-

#Muros norte y oeste
*	0	*	1	-	-	-
0	*	*	1	-	-	-

1|7	0	2|10	-	20	-	1
0	1|19	2|10	-	20	-	-
0	0	7	-	20	-	-
1|7	0	1	-	82	-	-
0	1|19	1	-	82	-	-

4	0	5	-	0	-	-

#Cataratas...
2	0	0|6	1	80	-	-
6	0	0|6	1	80	-	-
2	0	7	1	277	-	-
6	0	7	1	277	-	-
2	0	8|9	0	0	-	-
6	0	8|9	0	0	-	-

#Pedestal entrada
4	17|18	4	1	4	-	1

#Muro invisible.
*	20	*	1	0	-	-
4	20	4	1	4	-	1
4	20	5|7	0	0	-	-

0	0	10	-	20	-	-

#Bajada escalera...
5	13|14	1	1	93	-	1

#Caverna... Primero sólido, luego deco y rampas...
1	15|19	1|3	1	-	-	-
1	17|19	4	1	-	-	-

1	15|19	1	-	82	-	1
1	15|19	2|3	-	20	-	1
1	17|19	4	-	20	-	1

1	15	3	13	258	-	1
1	16	3	3	-	-	-

1	17	4	13	258	-	1
1	18	4	3	-	-	-

0|1	17	1|2	0	0	-	-

################################################################################
[F]
################################################################################
#Entradas
1	68	324	80	1
1	21	272	16	2
1	35	4	128	3
1	100	4	128	4

#Salidas
#tipo	x	y	z	w	d	h	entr	sala
2	64	335	80	16	1	1	2	35
2	0	272	16	1	16	1	1	118
2	32	0	128	16	1	1	1	157
2	96	0	128	16	1	1	2	157

#Marcas salidas
14	64	344	80	112

#Vigas

14	16	94	96	52
14	20	98	96	58
14	16	80	112	52
14	20	64	112	58
14	16	40	112	52
14	32	40	112	52

#Sonido ambiente agua
#tipo	x	y	z	t.repr.	id_snd	volum	pan	param1	param2	activo	id
4	0	0	0	2	64	48	127	0	0	1	0

#Sonido palanca y explosion
4	0	0	0	1	50	32	127	0	0	0	3
4	0	0	0	1	67	64	127	0	0	0	3

#Escalera
#10 - Escalera (flags: 1 tope escalable. 2 base invertir).
#tipo	x	y	z	h	orient	flags	activa	id
10	80	216	32	48	8	3	1	0
14	80	216	32	65
14	80	216	48	65
14	80	216	64	65
14	80	216	80	66
14	80	223	80	66

################################################################################
[F]
################################################################################

#Palanca
#tipo	x	y	z	cadena	id	t.cond	cadena.cond
7	69	52	80	33	0	0	0

#Disparador...
#tipo	x	y	z	t.proy.	patron	direc.	veloc.	paso.	activo	id	idon
13	68	16	88	8	17	2	40	0	0	2	0

#Llave
14	19	155	112	5

#Bonus
14	20	295	80	4
14	20	308	80	4
14	20	260	64	105
14	100	12	128	4
