#Acceso palanca NE
#w	h	d	id_sala	cam.est secreta
11	12	13	37	0	0

################################################################################
[F]
################################################################################
#x	y	z	comp	rep	id	pla
*	*	*	0	0	0	0
*	*	0	5	-	-	--

#Suelos por nivel
1|9	6|10	2	1	13	-	-
6|9	5	2	1	13	-	-

9	7	3	1	10	-	1

9	6	3|4	1	10	-	1
8	6|7	3|4	1	10	-	1

8|9	4|5	3|5	1	10	-	1

6|9	1|3	6	1	13	-	-
6|7	4	6	1	13	-	-

6	1	7	1	13	-	1

6	3	8	1	91	-	1

6	5	9	1	17	-	1
6	6	9	1	93	-	1
2|5	6	9	1	18	-	1

#Agua
10	1|2	5	5	79	-	1
10	3	5	5	80	-	1
10	4	4	5	79	-	1
10	5	1|4	5	80	-	1
10	6|10	0	5	79	-	1
1|10	11|12	0	5	79	-	1

#Muros oeste y norte
0	6|10	2|11	1	20	-	-
0	11|12	2|11	1	20	-	-
0	11|12	1	1	82	-	-

1|5	5	2|11	1	20	-	-

5	0|4	7|11	1	20	-	-

6|10	0	7|11	1	20	-	1

10	0	6	1	0	-	-
10	0	5	1	79	-	-

9	0	6	1	82	-	-

0	5	11	1	20	-	-

0	8	11	-	257	-	-

0	9	10	-	257	-	-
0	9	11	-	0	-	-

0	10	9	-	257	-	-
0	10	10|11	-	0	-	-

0	11|12	9|11	-	0	-	-

#Puertas
8	0	7|8	0	0	-	-
8	0	6	1	85	-	-

0	9	3|4	0	0	-	-
0	9	2	1	85	-	-
0	10	3|6	-	94	-	1
0	9	5|6	-	94	-	1

#Muros y decoraciones...
1|9	10	1	1	83	-	-
9	6|9	1	1	83	-	-

9	6|7	2	-	10	-	-

6|7	4	3|5	1	20	-	-

1|5	9	2	-	85	-	-
8	1	6	-	85	-	-

#Borde suelo hierba...
0	10	3	-	184	-	-
0	6|8	3	-	183	-	-
1|5	5	3	-	183	-	-

#Secreto
6	4	3	-	188	1	-
6	3	3	1	-	-	-
6	4	2	1	13	-	-
5	4	3	1	183	-	-
6|7	4	4|5	-	189	-	1

################################################################################
[F]
################################################################################
#Entradas
1	4	144	48	1
1	131	4	112	2
1	99	69	48	3

#Salidas
#tipo	x	y	z	w	d	h	entr	sala
2	0	144	48	1	16	1	4	32
2	128	0	112	16	1	1	1	38
2	96	64	48	16	1	1	1	77

#Sonido secreto
#tipo	x	y	z	t.repr.	id_snd	volum	pan	param1	param2	activo	id
4	0	0	0	1	56	128	127	0	0	0	2

#Sonido ambiente agua
#tipo	x	y	z	t.repr.	id_snd	volum	pan	param1	param2	activo	id
4	0	0	0	2	65	28	127	0	0	1	0

#Reja
14	160	15	96	31

#Árbol
14	64	128	48	114

14	48	112	120	117
14	64	112	120	117
14	80	112	120	117
14	48	128	120	115
14	64	128	120	117
14	80	128	120	117
14	48	144	120	115
14	64	144	120	117
14	80	144	120	117

14	48	112	140	117
14	64	112	140	115
14	80	112	140	117
14	48	128	140	117
14	64	128	140	116
14	80	128	140	117
14	48	144	140	115
14	64	144	140	117
14	80	144	140	117

#Flores
14	97	106	48	118
14	89	124	48	119

################################################################################
[F]
################################################################################

#Interruptores secretos
#tipo	x	y	z	w	h	d	cadena	secreto t.cond	cadena.cond
8	96	80	48	16	16	1	152	1	0	0

#Bonus
14	46	99	160	4
14	74	102	160	4
