#Palanca NE
#w	h	d	id_sala	cam.est secreta
9	10	12	38	1	0

################################################################################
[F]
################################################################################
#x	y	z	comp	rep	id	pla
*	*	*	0	0	0	0
*	*	0	5	-	-	-

#Agua
1|9	1|10	0	-	79	-	-

#Muros norte y oeste
1|8	0	1|9	1	20	-	-
0	1|10	1|9	1	20	-	1
0	0	9	1	20	-	-

0	2|3	7|9	-	-	-	-
0	2|3	7|8	-	94	-	-
0	2	7|8	1	57	11	-

#Plataformas

2|7	8	3	1	89	-	1
2|7	8	2	1	76	-	1
2|7	8	1	1	82	-	1

2|7	6	4	1	89	-	1
2|7	6	3	1	76	-	1
2|7	6	2	1	20	-	1
2|7	6	1	1	82	-	1

2|7	4	5	1	89	-	1
2|7	4	4	1	76	-	1
2|7	4	2|3	1	20	-	1
2|7	4	1	1	82	-	1

#Plataformas pre palanca
2	1	6	1	4	-	1

7	1	6	1	4	-	1
1	2	6	1	17	-	1
2	2	6	1	18	-	1
7	2	6	1	18	-	1

#Plataforma palanca
4|5	1|2	7	1	4	-	1

#Muro invisible sur
*	11	*	1	0	0	0

#Entrada y puerta
4	10	3	1	92	0	1
4	9	3	1	18	0	1

4	11	3	1	85	0	1
4	11	4|5	0	0	0	0

##############################################################################
[F]
################################################################################
#Entradas
1	68	180	64	1
1	4	34	112	2

#Salidas
#tipo	x	y	z	w	d	h	entr	sala
2	64	191	64	16	1	1	2	37
2	0	32	112	1	16	1	1	200

#Marcas salidas
14	64	200	64	112

#Sierras
12	40	135	64	3	8	64
11	32	135	64	4
11	126	135	64	8

12	110	103	80	3	4	64
11	32	103	80	4
11	126	103	80	8

12	40	71	96	3	8	64
11	32	71	96	4
11	126	71	96	8

#Sonido ambiente agua y sierras
#tipo	x	y	z	t.repr.	id_snd	volum	pan	param1	param2	activo	id
4	0	0	0	2	65	16	127	0	0	1	0
4	0	0	0	3	66	32	127	0	1000	1	0
4	0	0	0	3	66	32	127	500	1000	1	0

#Sonido palanca y puzzle 
4	0	0	0	1	50	32	127	0	0	0	1
4	0	0	0	1	51	127	127	0	0	0	12

################################################################################
[F]
################################################################################
#Palanca
#tipo	x	y	z	cadena	id	t.cond	cadena.cond
7	76	29	128	35	0	0	0

#Puzzle
#tipo	x	y	z	id_puz	id_cad	id
20	0	0	0	22	601	14

#19 - Interruptor invisible repetible
#tipo	x	y	z	w	h	d	id_on	id_off	t.cond	c.cond
19	112	16	112	16	16	1	600	600	0	0

#Plancha puzzle
#tipo	x	y	z	id	t.actor	patron	paso	activo	id_on	id_off
5	115	16	116	13	100	1	0	1	0	0

