#Acceso fin por parte jardines.
#w	h	d	id_sala	cam.est secreta
12	12	6	39	1	0

################################################################################
[F]
################################################################################
#x	y	z	comp	rep	id	pla
*	*	*	0	0	0	0
*	*	0	5	-	-	-

#Agua
1|10	4|5	0	5	79	-	-
2|9	2|3	0	5	79	-	-

#Plataformas y rampas
1	3	3	1	4	-	0
1	2	4	12	35	-	0
1	1	4	3	4	-	0
2|3	1	4	1	4	-	0
4	1	5	10	33	-	0
5|6	1	5	3	4	-	0
7	1	6	10	33	-	0
8	1	6	3	4	-	0
9|10	1	6	1	4	-	0
10	2	7	13	36	-	1
10	3	7	3	4	-	1

#Muros plataformas
1	2|3	2	1	76	-	0
1	2|3	1	1	82	-	0
1	2	3	1	4	-	0

2|3	1	1	1	82	-	0
2|3	1	2	1	76	-	0
2|3	1	3	1	4	-	0

4|5	1	1	1	82	-	0
4|5	1	2	1	76	-	0
4|5	1	3|4	1	4	-	0

6|7	1	1	1	82	-	0
6|7	1	2	1	76	-	0
6|7	1	3|5	1	4	-	0

8|10	1	1	1	82	-	0
8|10	1	2	1	76	-	0
8|10	1	3|5	1	4	-	0

10	2|3	1	1	82	-	1
10	2|3	2	1	76	-	1
10	2|3	3|6	1	4	-	1

#Muros oeste y norte
0	4|5	1|11	1	3	-	1
0	2|3	4|11	1	3	-	-
0	1	5|11	1	3	-	-
0	3	6|11	-	-	-	1

0	0	9	1	3	-	-

1|4	0	5|11	1	3	-	-
5|7	0	6|11	1	3	-	-
8|10	0	7|11	1	3	-	-
10	0	1|6	1	3	-	-

#Columnas y soportes.
4	5	1	1	82	-	1
4	5	2|8	1	56	-	1
4	5	9	1	58	-	1
4	4	9	1	60	-	1
4	2|3	9	1	61	-	1
4	1	9	1	62	-	1
4	0	9	1	58	-	0

7	5	1	1	82	-	1
7	5	2|8	1	56	-	1
7	5	9	1	58	-	1
7	4	9	1	60	-	1
7	2|3	9	1	61	-	1
7	1	9	1	62	-	1
7	0	9	1	58	-	0


#Muro invisible este
11	*	*	1	0	-	-

#Puertas
0	3	3	1	4	-	-
0	3	4|5	0	0	-	-

11	3	7	1	4	-	1
11	3	8|9	0	0	-	-

#Plataforma y entrada
7|8	1	3|5	-	162	-	1
6|7	2	2	1	18	-	1
7	1	6	-	-	-	1
8|9	1	6	-	266	-	1
7	1	3|4	0	0	-	-
7	0	3|4	1	-	-	-

##############################################################################
[F]
################################################################################
#Entradas
1	4	50	64	1
1	181	52	128	2
1	114	20	48	3

#Salidas
#tipo	x	y	z	w	d	h	entr	sala
2	0	48	64	1	16	1	5	32
2	191	48	128	1	16	1	4	29
2	112	16	48	16	1	1	2	142

#Marcas salidas
14	200	48	128	111

#Sonido ambiente agua
#tipo	x	y	z	t.repr.	id_snd	volum	pan	param1	param2	activo	id
4	0	0	0	2	65	16	127	0	0	1	0

#Escalera
#10 - Escalera (flags: 1 tope escalable. 2 base invertir).
#tipo	x	y	z	h	orient	flags	activa	id
10	97	32	48	48	1	3	1	0
14	97	32	48	63
14	97	32	64	63
14	97	32	80	63
14	97	32	96	64
14	104	32	96	64

################################################################################
[F]
################################################################################
