#Fin parte 2.
#w	h	d	id_sala	cam.est secreta
7	12	12	40	1	0

################################################################################
[F]
################################################################################
#x	y	z	comp	rep	id	pla
*	*	*	0	0	0	0
*	*	0	2	-	-	-

#Suelos... Plancha grande y restamos lo que no se ve
0|6	4|10	3	1	13	-	1
0	5|8	3	0	0	-	0
1	5|6	3	0	0	-	0
2|4	9|10	3	0	0	-	0
0	9|10	3	0	0	-	0
0	10	3	1	10	-	0

0	5|8	4|5	1	10	-	1
1	5|6	4	11	26	-	1
0	6	6	13	28	-	1
0	7|8	6	1	10	-	1
0	7	6	3	13	-	1
0	8	7	1	10	-	1
0	9|10	4|8	1	10	-	1

#Puente
3	1	3	0	0	1	1
3	2	3	0	0	2	1
3	3	3	0	0	3	1

#Plataforma entrada
2|4	9|10	4	1	2	-	1
3	9	4	13	24	-	1
3	10	4	3	-	-	-

#Muro invisible sur y puerta
*	11	*	1	0	-	-
3	11	4	1	2	-	1
3	11	5|6	0	0	-	-

#Muro norte y puerta
*	0	*	1	4	-	1

*	0	3	-	87	-	-
*	0	5	-	87	-	-

*	0	11	-	66	-	-
*	0	0	-	104	-	-

1	0	8	-	69	-	-
3	0	8	-	69	-	-
5	0	8	-	69	-	-


3	0	4|5	1	57	4	1

#Muros plataformas
6	4|10	1|2	1	10	-	-
6	4|10	0	1	38	-	-

0|6	10	1|2	1	10	-	-
0|6	10	0	1	38	-	-
2|4	10	3	1	2	-	-

#Techado...
2|4	10	9	1	2	-	1

#Topes rampas
0	5	4	3	-	-	-
0	6	4	3	-	-	-

#5	5|6	4	10	25	-	1
#6	5|6	4	3	4	-	1
#6	5|6	5	1	4	-	1

##############################################################################
[F]
################################################################################
#Entradas
1	51	181	80	1
1	51	4	64	2

#Salidas
#tipo	x	y	z	w	d	h	entr	sala
2	48	191	80	16	1	1	6	29
2	48	0	64	16	1	1	1	41

#Marcas salidas
14	48	200	80	112

#Sonido ambiente pájaros
#tipo	x	y	z	t.repr.	id_snd	volum	pan	param1	param2	activo	id
4	0	0	0	3	52	32	127	1000	500	1	0
4	0	0	0	3	53	32	127	1000	500	1	0

#Sonido palanca y puerta
4	0	0	0	1	50	64	127	0	0	0	5
4	0	0	0	1	51	64	127	0	0	0	5

#Deco
14	21	67	64	6
14	82	156	64	7

################################################################################
[F]
################################################################################

#Palanca...
#tipo	x	y	z	cadena	id	t.cond	cadena.cond
7	68	164	160	46	0	0	0

#14	32	160	160	21
#14	48	160	160	21
#14	64	160	160	21
#14	79	160	160	20

14	64	160	80	25
14	68	164	84	24
14	68	164	100	24
14	68	164	116	24
14	68	164	132	24

14	32	160	80	25
14	36	164	84	24
14	36	164	100	24
14	36	164	116	24
14	36	164	132	24
