#Entrada planta 1
#w	h	d	id_sala	cam.est secreta
8	6	10	48	1	0

################################################################################
[F]
################################################################################
#x	y	z	comp	rep	id	pla
*	*	*	0	0	0	0

#Suelos por nivel

3|7	1|8	0	1	1	0	0
2	3|5	0	1	1	0	0
4	2	0	-	130	-	-
4	3|6	0	-	129	-	-
4	7	0	-	128	-	-

1|2	1	1	1	3	0	1
1|2	7|8	1	1	3	0	1

1	3|5	2	1	3	0	1

#Plataformas...
1	2|6	1	1	87	-	-

#Rampas y topes

2	2	1	12	97	0	1
2	1	1	3	-	-	-

1	2	2	13	98	0	1
1	3	2	3	-	-	-

2	6	1	13	98	0	1
2	7	1	3	-	-	-

1	6	2	12	97	0	1
1	5	2	3	-	-	-

#Muros norte y oeste
*	0	*	1	-	-	-
0	*	*	1	-	-	-

3|7	0	1	1	110	-	-
1|7	0	2|4	1	111	-	-
0|7	0	5	1	115	-	-

0	1|2	2|4	1	111	-	-
0	3|5	3|4	1	111	-	-
0	6|8	2|4	1	111	-	-
0	1|8	5	1	115	-	-

4	0	0	1	1	-	-
4	0	1|2	0	0	-	-

4	0	3|4	-	112	-	1
5	0	2|4	-	112	-	1
5	0	1	-	105	-	1

0	4	2	1	3	-	-
0	4	3|4	1	57	1	-
0	4|9	*	-	-	-	1

#Muro sur
*	9	*	1	-	-	-
4	9	0	1	1	-	-
4	9	1|2	0	-	-	-

#Junturas y tapas...
0	8	1	-	111	-	-

#Pedestales
6	2	1	1	55	-	1
6	7	1	1	55	-	1

##############################################################################
[F]
################################################################################
#Entradas
1	66	4	16	1
1	66	148	16	2
1	4	67	48	3

#Salidas
#tipo	x	y	z	w	d	h	entr	sala
2	64	0	16	16	1	1	2	43
2	64	159	16	16	1	1	1	49
2	0	64	48	1	16	1	2	51

#Marcas salidas
14	64	168	16	112

#Adornos...
14	96	32	32	33
14	99	35	36	34
14	99	35	52	34
14	101	36	68	38

14	96	112	32	33
14	99	115	36	34
14	99	115	52	34
14	101	116	68	38

#Cortinas
14	48	16	70	35
14	64	16	70	35
14	80	16	70	35
14	50	16	28	37
14	82	16	28	36

#22 [*] - Actor recuperar tiempo
#tipo	x	y	z	w	h	d
22	32	64	16	8	16	16
14	32	64	16	59
14	33	67	24	106

################################################################################
[F]
################################################################################
