#Sala trampas antes dormitorio planta 1
#w	h	d	id_sala	cam.est secreta
16	4	13	49	0	0

################################################################################
[F]
################################################################################
#x	y	z	comp	rep	id	pla
*	*	*	0	0	0	0

#Suelos por nivel
1|9	8|12	0	1	58	-	-
11|15	1|12	0	1	58	-	-

11|12	3	1|2	1	3	-	1
14|15	3	1|2	1	3	-	1

12|15	5	1	1	3	-	1
12	7	1	1	3	-	1
10	9|11	1|2	1	4	-	1
11|13	9	1	1	3	-	1
12	8	1	1	3	-	1
15	9	1	1	3	-	1
14|15	11	1	1	3	-	1
11	11	1	1	3	-	1

13	3	2	1	3	-	1
10	12	2	1	4	-	1
11|15	4|12	2|3	1	-	-	-
13|15	6|8	2|3	0	-	-	-

14	7	1	1	131	-	1
14	7	2	1	4	-	1

#Railes y placas
2	8|12	0	-	88	-	-
8	8|12	0	-	88	-	-
10|14	12	0	1	89	-	-
11|14	10	0	-	89	-	-
12|15	4	0	-	89	-	-
11	5|8	0	-	88	-	-

4	8	0	-	59	-	-
6	8	0	-	59	-	-
4|6	9|11	0	-	59	-	-
5	10	0	-	48	-	-

#Muros norte y oeste
*	0	*	1	-	-	-
0	*	*	1	-	-	-
0|10	0|7	*	1	-	-	-

11|15	0	1|2	-	4	-	1
11|15	0	3	-	87	-	1

10	1|9	1|2	-	4	-	1
10	1|12	3	-	87	-	1

1|9	7	1|2	-	4	-	-
1|9	7	3	-	87	-	-

0	8|12	1|2	-	4	-	1
0	8|12	3	-	87	-	1

13	0	0	1	58	-	-
13	0	1|2	0	0	-	-

0	10	0	1	58	-	-
0	10	1|2	0	0	-	-

#Tapas y junturas
10	0	3	-	3	-	-
0	7	3	-	3	-	-
15	0	0	-	58	-	-
0	12	0	-	58	-	-

#Secreto
2	7	1	-	163	2	-
2	7	0	1	58	-	0
2	7	2	-	162	-	1
2	7	3	-	126	-	1
3	7	1|2	-	162	-	1
3	7	3	-	126	-	1

##############################################################################
[F]
################################################################################
#Entradas
1	210	4	16	1
1	4	162	16	2
1	35	117	16	3

#Salidas
#tipo	x	y	z	w	d	h	entr	sala
2	208	0	16	16	1	1	2	48
2	0	160	16	1	16	1	1	50
2	32	112	16	16	1	1	1	84

#Sierras y topes... de norte a sur y este a oeste

12	230	71	16	3	8	48
11	190	71	16	4
11	254	71	16	8

12	184	86	16	4	2	16
11	184	142	16	1
11	184	76	16	2

12	210	167	16	3	4	30
11	178	167	16	4
11	238	167	16	8

12	230	200	16	3	8	48
11	156	200	16	4
11	238	200	16	8

12	40	140	16	4	2	40
11	40	130	16	2
11	40	204	16	1

12	136	140	16	4	1	60
11	136	130	16	2
11	136	204	16	1

#Disparador
#tipo	x	y	z	t.proy.	patron	direc.	veloc.	paso.	activo	id	idon
13	230	128	24	1	10	2	64	0	1	0	4
13	240	116	24	5	10	4	64	1	1	0	4

#Llamas
#tipo	x	y	z	id	t.actor	patron	paso	activo	idon	idoff
5	64	128	16	0	1	5	0	1	6	5
5	96	128	16	0	1	5	1	1	6	5

#Sonido secreto
#tipo	x	y	z	t.repr.	id_snd	volum	pan	param1	param2	activo	id
4	0	0	0	1	56	128	127	0	0	0	3

#Sonido sierras
#tipo	x	y	z	t.repr.	id_snd	volum	pan	param1	param2	activo	id
4	0	0	0	3	66	32	127	0	3000	1	0

#Sonido dardos y llamas on off
#tipo	x	y	z	t.repr.	id_snd	volum	pan	param1	param2	activo	id
4	0	0	0	1	57	32	127	0	0	0	4
4	0	0	0	1	62	40	127	0	0	0	5
4	0	0	0	1	61	40	127	0	0	0	6

#Sonido palanca 
#tipo	x	y	z	t.repr.	id_snd	volum	pan	param1	param2	activo	id
4	0	0	0	1	50	90	127	0	0	0	7

#Teletransportadores
#tipo	x	y	z	id_tel.	id_destino
17	240	16	20	1	2
14	240	16	16	91

17	16	128	20	2	1
14	16	128	16	91

#Rejas pasaje...
14	176	64	48	3
14	192	64	48	3
14	208	64	48	3
14	224	64	48	3
14	240	64	48	3

################################################################################
[F]
################################################################################

#Interruptores secretos
#tipo	x	y	z	w	h	d	cadena	secreto t.cond	cadena.cond
8	30	128	16	16	16	1	198	1	0	0

#Llamas
#tipo	x	y	z	id	t.actor	patron	paso	activo	idon	idoff
5	64	144 	16	1	69	1	0	1	0	0
5	64	160	16	1	69	1	0	1	0	0
5	64	176	16	1	69	1	0	1	0	0
5	80	144	16	1	69	1	0	1	0	0
5	80	176	16	1	69	1	0	1	0	0
5	96	144	16	1	69	1	0	1	0	0
5	96	160	16	1	69	1	0	1	0	0
5	96	176	16	1	69	1	0	1	0	0

#Sonido llamas encencidas...
#tipo	x	y	z	t.repr.	id_snd	volum	pan	param1	param2	activo	id
4	0	0	0	2	55	32	127	0	0	1	1

#Palanca.
#tipo	x	y	z	cadena	id	t.cond	cadena.cond
7	84	132	16	69	0	0	0

#Tanque energia
14	86	167	16	92

#Bonus
14	177	66	16	4
14	212	125	16	4
14	241	99	16	4
14	197	179	16	4
14	67	198	16	4
14	83	198	16	105
14	98	198	16	4
