#Escalera planta 1.
#w	h	d	id_sala	cam.est secreta
12	10	12	51	0	0

################################################################################
[F]
################################################################################
#x	y	z	comp	rep	id	pla
*	*	*	0	0	0	0

#Suelos por nivel
0|6	4|6	0	5	79	-	-

1|8	1|3	1	1	58	-	-
7|10	4|6	1	1	58	-	-
1|10	7|10	1	1	58	-	-

9|10	1|3	2	1	3	-	1

5|6	1|3	4	1	3	-	1

1|2	1|3	6	1	3	-	1

#Columnas
4	8	2|3	1	54	-	1
4	8	4|6	1	56	-	1
4	8	7	1	3	-	2

8	8	2|3	1	54	-	1
8	8	4|6	1	56	-	1
8	8	7	1	3	-	2

5	8	7	1	72	-	2
6	8	7	1	71	-	2
7	8	7	1	70	-	2

1	8	7	1	72	-	2
2	8	7	1	71	-	2
3	8	7	1	70	-	2

#Plataformas
7|8	1	2	1	3	-	1
7	1	3	1	3	-	1


#Junturas y tapas
0	10	1	-	58	-	-
0	3	0	-	58	-	-
10	0	2	-	3	-	-
3	1	5	1	127	-	-
4	1	4	1	127	-	-


#Rampas y topes
9|10	4	2	12	97	-	1
9|10	3	2	3	-	-	-

8	1	3	11	96	-	1
7	1	3	3	-	-	-

7	1	4	11	96	-	1
6	1	4	3	-	-	-

4	1	5	11	96	-	1
3	1	5	3	-	-	-

3	1	6	11	96	-	1
2	1	6	3	-	-	-

#Muro norte y oeste
*	0	*	1	-	-	-
0	*	*	1	-	-	-
0	*	7|9	-	-	-	1

1|3	0	2	-	110	-	-
1|2	0	3	-	111	-	-

8|10	0	3	-	115	-	-
7|10	0	4	-	4	-	-
4|10	0	5	-	4	-	-
3|10	0	6	-	87	-	-
1|10	0	7|8	-	4	-	-
1|10	0	9	-	66	-	-

0	2|10	2	-	110	-	-
0	2|10	3	-	111 	-	- 
0	3|10	4	-	115	-	-
0	3|10	5	-	4	-	-
0	4|10	6	-	87	-	-
0	1|10	7|8	-	4	-	-
0	1|10	9	-	66	-	-

0	2	6	1	3	-	-
0	2	7|8	0	0	-	-

6|10	0	5|9	-	-	-	1
6	0	5|6	0	0	-	-
6	0	4	-	3	-	-

#Muro sur y este
*	11	*	1	-	-	-
11	*	*	1	-	-	-

2	11	1	1	58	-	-
2	11	2|3	0	0	0	0

11	6	1	1	58	-	0
11	6	2|3	1	57	1	1

11	5	1	-	58	-	-
11	5	2|3	-	56	-	1

11	7	1	-	58	-	-
11	7	2|3	-	56	-	1

#Secreto
0	7	2	-	191	2	-
0	7	1	1	58	-	-
0	8	2	-	192	-	1
0	7|8	3	-	190	-	1
0	7|8	4	-	199	-	1

##############################################################################
[F]
################################################################################
#Entradas
1	35	181	32	1
1	180	100	32	2
1	4	34	112	3
1	4	114	32	4
1	100	4	80	5

#Salidas
#tipo	x	y	z	w	d	h	entr	sala
2	32	191	32	16	1	1	2	50
2	191	96	32	1	16	1	3	48
2	0	32	112	1	16	1	1	52
2	0	112	32	1	16	1	1	88
2	96	0	80	16	1	1	1	169

#Marcas salidas
14	32	200	32	112
14	200	96	32	111

#Separadores

14	16	137	32	45
14	32	137	32	45
14	48	137	32	45
14	16	137	48	45
14	32	137	48	45
14	48	137	48	45

14	80	137	32	45
14	96	137	32	45
14	112	137	32	45
14	80	137	48	45
14	96	137	48	45
14	112	137	48	45

#Columnas peq.
14	92	52	32	46
14	92	52	48 	46

14	30	52	32	46
14	30	52	48	46
14	30	52	64	46
14	30	52	80	46

#Barandas
14	16	64	32	15
14	32	64	32	15
14	48	64	32	15
14	64	64	32	15
14	80	64	32	15
14	96	64	32	15

14	16	112	32	15
14	32	112	32	15
14	48	112	32	15
14	64	112	32	15
14	80	112	32	15
14	96	112	32	15

14	112	64	32	16
14	112	80	32	16
14	112	96	32	16

#Sonido secreto
#tipo	x	y	z	t.repr.	id_snd	volum	pan	param1	param2	activo	id
4	0	0	0	1	56	128	127	0	0	0	3

#Sonido agua
#tipo	x	y	z	t.repr.	id_snd	volum	pan	param1	param2	activo	id
4	0	0	0	2	65	16	127	0	0	1	0

#Sonido palanca y puerta
4	0	0	0	1	50	64	127	0	0	0	4
4	0	0	0	1	51	80	127	0	0	0	4

################################################################################
[F]
################################################################################

#Interruptores secretos
#tipo	x	y	z	w	h	d	cadena	secreto t.cond	cadena.cond
8	16	114	32	1	16	16	208	1	0	0

#Palanca.
#tipo	x	y	z	cadena	id	t.cond	cadena.cond
7	92	43	80	70	0	0	0

#Bonus
14	35	23	32	4
14	35	37	32	4
