#Observatorio.
#w	h	d	id_sala	cam.est secreta
15	10	15	53	0	0

################################################################################
[F]
################################################################################
#x	y	z	comp	rep	id	pla
*	*	*	0	0	0	0

#Suelos por nivel

1|14	13|14	0	1	58	-	-
7|14	11|12	0	1	58	-	-
7|8	10	0	1	58	-	-
13|14	9|10	0	1	58	-	-

7	5|7	2	1	133	-	1
13|14	1|7	2	1	133	-	1
8|14	6|8	2	1	133	-	1
9|12	9|10	2	1	133	-	1

8|12	1|4	3	1	58	-	-

#Muro invisible
9|12	8|10	1	1	-	-	-

#Plataformas
9|12	10	1	-	3	-	-
12	9	1	-	3	-	-
13|14	8	1	1	3	-	-
7	5	6	-	139	-	1
7	6	6	1	139	-	1

#Rampas y topes
8|12	5	3	12	108	-	1
8|12	4	3	3	-	-	-

7|8	8	2	12	108	-	1
7|8	7	2	3	-	-	-

7|8	9	1	12	108	-	1
7|8	8	1	3	-	-	-

7	4	6	13	32	-	1
7	5	6	3	-	-	-


#13|14	8	2	12	108	-	1
#13|14	7	2	3	-	-	-

#13|14	9	1	12	108	-	1
#13|14	8	1	3	-	-	-

#Muros norte y oeste
*	0	*	1	-	-	-
0	*	*	1	-	-	-
0|6	0|12	*	1	-	-	-

7	0	5	-	4	-	-
8|13	0	4|5	-	4	-	-
14	0	2|5	-	4	-	-

6	0|7	5	-	4	-	-
6	6|12	3|4	-	4	-	-
6	8|12	2	-	63	-	-
6	9|12	1	-	3	-	-
6	8|12	5	-	66	-	-
6	4|7	6|8	-	4	-	-
6	4|7	9	-	66	-	-


0	13|14	1	-	3	-	-
0	13|14	2	-	63	-	-
0	13|14	3|4	-	4	-	-
0	13|14	5	-	66	-	-

1|5	12	1	-	3	-	-
1|5	12	2	-	63	-	-
1|5	12	3|4	-	4	-	-
1|5	12	5	-	66	-	-

3	12	0	1	58	-	-
3	12	1|2	0	0	-	-

13	0	3|4	1	57	1	-
13	0	2	1	133	-	-
12	0	3	-	4	-	-
14	0	3|5	-	-	-	1
13	0	5	-	-	-	1

#Suelo llamas...
7|8	10|11	0	-	59	-	-
7|8	12	0	-	59	-	-
8	13|14	0	-	59	-	-
10|11	11|13	0	-	59	-	-
13|14	12|14	0	-	59	-	-

#Decoración...
7	1|6	4|5	1	139	-	1
7	5|6	3	1	10	-	1

10|11	8|9	2	-	5	-	-

#Tapas y junturas...
0	14	0	-	58	-	-
14	8	0	-	58	-	-

#Fix puerta
3|6	12	1|5	-	-	-	1

#Secretos...
12	2	3	-	203	5	-
11|12	1	2	1	58	-	-

12	2	2	10	106	-	-
13	2	2	3	-	-	-

11	2	3	-	202	-	-

12	3|5	3	-	-	-	1


10	10	1	-	204	7	-
11	10	1	-	123	-	1
10	10	0	1	186	-	-
10	9	1	1	-	-	-

#Puerta puzzle
0	13|14	1|5	-	-	-	1
0	13	0	-	58	-	-
0	13	1|2	1	57	10	-
0	12	1|2	1	3	-	-

##############################################################################
[F]
################################################################################
#Entradas
1	50	196	16	1
1	210	4	48	2
1	197	34	46	3
1	163	165	16	4
1	4	210	16	5

#Salidas
#tipo	x	y	z	w	d	h	entr	sala
2	48	192	16	16	1	1	2	52
2	208	0	48	16	1	1	1	54
2	192	32	40	1	16	1	1	89
2	160	160	16	16	1	1	1	90
2	0	208	16	1	16	1	1	203

#Barandas

#15
#16

14	160	128	48	15
14	176	128	48	15
14	160	160	48	15
14	176	160	48	15

14	160	128	48	16
14	160	144	48	16
14	192	128	48	16
14	192	144	48	16

14	144	128	48	44
14	144	144	48	44
14	144	160	48	44
14	144	176	48	45
14	160	176	48	45
14	176	176	48	45
14	192	176	48	45
14	208	160	48	44
14	208	144	48	44
14	208	144	48	45
14	224	144	48	45

14	144	128	64	44
14	144	144	64	44
14	144	160	64	44
14	144	176	64	45
14	160	176	64	45
14	176	176	64	45
14	192	176	64	45
14	208	160	64	44
14	208	144	64	44
14	208	144	64	45
14	224	144	64	45

14	144	128	78	16
14	144	144	78	16
14	144	160	78	16
14	144	176	78	15
14	160	176	78	15
14	176	176	78	15
14	192	176	78	15
14	208	160	78	16
14	208	144	78	16
14	208	144	78	15
14	224	144	78	15


#Decoracion
14	145	33	64	47
14	162	42	64	48
14	142	16	64	41
14	171	61	64	14

#Llamas...
#tipo	x	y	z	id	t.actor	patron	paso	activo	idon	idoff
5	112	160	16	2	1	1	0	1	0	0
5	128	160	16	2	1	1	0	1	0	0
5	112	176	16	2	1	1	0	1	0	0
5	128	176	16	2	1	1	0	1	0	0


5	112	192	16	3	1	1	0	0	0	0
5	128	192	16	3	1	1	0	0	0	0
5	128	208	16	3	1	1	0	0	0	0
5	128	224	16	3	1	1	0	0	0	0

5	162	176	16	3	1	1	0	0	0	0
5	162	192	16	3	1	1	0	0	0	0
5	162	208	16	3	1	1	0	0	0	0
5	176	176	16	3	1	1	0	0	0	0
5	176	192	16	3	1	1	0	0	0	0
5	176	208	16	3	1	1	0	0	0	0

5	208	192	16	3	1	1	0	0	0	0
5	208	208	16	3	1	1	0	0	0	0
5	208	224	16	3	1	1	0	0	0	0
5	224	192	16	3	1	1	0	0	0	0
5	224	208	16	3	1	1	0	0	0	0
5	224	224	16	3	1	1	0	0	0	0

#Palanca llamas
#tipo	x	y	z	cadena	id	t.cond	cadena.cond
7	212	149	16	76	4	0	0

#Sonido secreto
#tipo	x	y	z	t.repr.	id_snd	volum	pan	param1	param2	activo	id
4	0	0	0	1	56	128	127	0	0	0	6

#Sonido llamas encendidas
4	0	0	0	2	55	32	127	0	0	1	0

#Sonido palanca, llamas on y off. Temporizador
4	0	0	0	1	50	90	127	0	0	0	3
4	0	0	0	1	62	40	127	0	0	0	3
4	0	0	0	1	61	40	127	0	0	0	2
4	0	0	0	2	54	64	127	0	0	0	3

#Sonido palanca y puerta...
4	0	0	0	1	50	90	127	0	0	0	8
4	0	0	0	1	51	90	127	0	0	0	8
4	0	0	0	1	51	127	127	0	0	0	11

#Arbol y flores
14	166	138	48	109
14	158	130	88	115
14	158	144	88	115
14	172	130	88	117
14	172	144	88	115

14	178	146	48	118
14	167	148	48	119
14	176	133	48	120

################################################################################
[F]
################################################################################

#Interruptores secretos
#tipo	x	y	z	w	h	d	cadena	secreto t.cond	cadena.cond
8	208	32	48	1	16	16	211	1	0	0
8	160	176	16	16	16	1	214	1	0	0

#Palanca puerta
#tipo	x	y	z	cadena	id	t.cond	cadena.cond
7	116	100	112	82	0	0	0

#Puzzle
#tipo	x	y	z	id_puz	id_cad	id
20	0	0	0	25	616	12

#19 - Interruptor invisible repetible
#tipo	x	y	z	w	h	d	id_on	id_off	t.cond	c.cond
19	16	208	16	1	16	16	615	615	0	0

#Plancha puzzle
#tipo	x	y	z	id	t.actor	patron	paso	activo	id_on	id_off
5	16	212	20	13	101	1	0	1	0	0
