#Sala secreta de la sala 3,
#w	h	d	id_sala	cam.est secreta
8	6	4	61	1	1

################################################################################
[F]
###############################################################################
#x	y	z	comp	rep	id	pla
*	*	*	0	0	0	0

#Suelos
1|6	1|3	0	1	10	0	0
1|4	1|2	1	1	20	0	0
1|2	1	2	1	10	0	0
5|6	1	1|2	1	20	0	1
5|6	1	3	1	10	0	1

#Muros...
0	1|3	1|5	1	10	0	0
1|7	0	1|5	1	10	0	0

#Muro sur
7	*	*	1	0	0	0
7	2	0	1	10	0	0
7	2	1|2	0	0	0	0

#Tapas y junturas

0	0	5	1	10	0	0
6	0	0	1	10	0	0
0	3	0	1	10	0	0

##############################################################################
[F]
################################################################################
#Entradas
1	116	35	16	1

#Salidas
#tipo	x	y	z	w	d	h	entr	sala
2	127	32	16	1	16	1	3	3

#Marcas salidas
14	136	32	16	111

################################################################################
[F] 
################################################################################

#Bonus...
14	101	22	64	4
14	89	22	64	4
