#Sala secreta de la sala 4,
#w	h	d	id_sala	cam.est secreta
8	4	4	62	1	1

################################################################################
[F]
###############################################################################
#x	y	z	comp	rep	id	pla
*	*	*	0	0	0	0

#Suelos
1|6	1|3	0	1	4	0	0

#Muros...
0	1|3	1|3	1	4	0	0
1|7	0	1|3	1	4	0	0

#Muro sur
7	*	*	1	0	0	0
7	2	0	1	4	0	0
7	2	1|2	0	0	0	0

#Tapas y junturas
0	0	3	1	4	0	0
6	0	0	1	4	0	0
0	3	0	1	4	0	0

##############################################################################
[F]
################################################################################
#Entradas
1	116	35	16	1

#Salidas
#tipo	x	y	z	w	d	h	entr	sala
2	127	32	16	1	16	1	5	4

#Marcas salidas
14	136	32	16	111

#Decoracion
14	16	16	44	38
14	19	18	16	19
14	27	19	16	19
14	38	17	16	19
14	26	34	16	9
14	101	18	16	9
################################################################################
[F] 
################################################################################

#Bonus...
14	20	52	16	4
14	40	52	16	4
