#Sala secreta de la sala 4
#w	h	d	id_sala	cam.est secreta
6	10	9	63	1	1

################################################################################
[F]
###############################################################################
#x	y	z	comp	rep	id	pla
*	*	*	0	0	0	0
*	*	0	2	-	-	-

#Suelos
3|5	1|3	3	1	2	0	0
3|5	6|8	3	1	2	0	1

2	1	4	1	2	0	0
2	4	4	1	18	0	1

1	1|3	5	1	2	0	0
2	2|3	5	1	2	0	1

1|2	6|8	6	1	2	0	1

#Muros...
*	0	*	1	0	0	0
1	0	6|9	1	4	0	0
2	0	5|9	1	4	0	0
3|4	0	3|9	1	4	0	0
4	0	1|2	1	4	0	0


0	*	*	1	0	0	0
0	1|3	6|9	1	4	0	0
0	4|5	1|9	1	4	0	0
0	6|8	6|9	1	4	0	0

#Paredes..

2	2|3	4	1	3	0	0
1	3	4	1	3	0	0

1|2	3	3	1	3	0	0
1|5	3	1|2	1	3	0	0
1|5	3	0	1	143	0	0

4	1|2	0	1	143	0	0
4	1|2	1|2	1	3	0	0

2	6|8	4|5	1	3	0	1
1	8	1|5	1	3	0	0
2|4	8	1|2	1	3	0	0
2	8	3	1	3	0	0
1|4	8	0	1	143	0	0

0	8	1|5	1	4	0	0

0	8	0	1	104	0	0


#Muro sur
5	*	*	1	0	0	0
5	8	3	1	2	0	1
5	8	4|5	0	0	0	0

#Tapas y junturas
4	0	0	0	104	0	0
0	0	9	0	4	0	0

##############################################################################
[F]
################################################################################
#Entradas
1	83	131	64	1

#Salidas
#tipo	x	y	z	w	d	h	entr	sala
2	95	128	64	1	16	1	3	7

#Marcas salidas
14	104	128	64	111

################################################################################
[F] 
################################################################################

#Bonus...
14	19	115	112	4
14	19	131	112	4
14	36	115	112	4
14	36	131	112	4

14	37	70	80	4

