#Sala secreta de la sala 45
#w	h	d	id_sala	cam.est secreta
5	5	11	82	1	1

################################################################################
[F]
###############################################################################
#x	y	z	comp	rep	id	pla
*	*	*	0	0	0	0

#Muros invisibles...
1	1|9	0|1	1	-	-	-

#Suelos
2|4	1|9	0	1	58	-	-
2|3	1	0	0	0	-	-
2|4	4|6	0	-	59	-	-
3|4	5	0	-	193	-	-

1	1|9	2	1	58	-	-

#Muro norte
*	0	*	1	-	-	-
1	0	3	-	2	-	-
2	0	2|3	-	2	-	-
3|4	0	1|3	-	2	-	-
1|4	0	4	-	50	-	-

#Muro oeste
0	*	*	1	-	-	-
0	1|9	3	-	2	-	-
0	1|9	4	-	50	-	-

#Muro sur
*	10	*	1	-	-	-
3	10	0	1	58	-	1
3	10	1|2	0	0	-	-

#Paredes
1	7|9	1	1	47	-	-
1	2|6	1	1	3	-	-

#Rampas y topes
3	1	1	11	107	-	-
2	1	1	3	-	-	-

2	1	2	11	107	-	-
1	1	2	3	-	-	-

#Tapas y junturas
2	1	1	-	3	-	-
1	9	0	-	58	-	-
0	9	2	-	120	-	-
4	0	0	-	58	-	-
0	0	4	-	50	-	-


##############################################################################
[F]
################################################################################
#Entradas
1	51 	164	16	1

#Salidas
#tipo	x	y	z	w	d	h	entr	sala
2	48	175	16	16	1	1	3	45

#Marcas salidas
14	48	182	16	112

14	32	112	16	31
#14	48	112	16	31
14	64	112	16	31
14	32	112	32	31
14	48	112	32	31
14	64	112	32	31
14	32	112	48	31
14	48	112	48	31
14	64	112	48	31
14	16	112	64	31
14	32	112	64	31
14	48	112	64	31
14	64	112	64	31

14	32	64	16	31
#14	48	64	16	31
14	64	64	16	31
14	32	64	32	31
14	48	64	32	31
14	64	64	32	31
14	32	64	48	31
14	48	64	48	31
14	64	64	48	31
14	16	64	64	31
14	32	64	64	31
14	48	64	64	31
14	64	64	64	31

#Rejas arriba
14	32	64	48	30
14	32	80	48	30
14	32	96	48	30
14	32	112	48	30
14	32	128	48	30
14	32	144	48	30

#Puertas...
#5 - Alternador actor genérico: Rejas
#tipo	x	y	z	id	t.actor	patron	paso	activo	id_on	id_off
5	48	112	16	1	27	1	0	1	0	0
5	48	64	16	2	27	1	0	1	0	0

#Llamas...
5	32	64	16	4	1	1	0	0	0	0
5	32	80	16	4	1	1	0	0	0	0
5	32	96	16	4	1	1	0	0	0	0
5	48	64	16	4	1	1	0	0	0	0
5	48	96	16	4	1	1	0	0	0	0
5	64	64	16	4	1	1	0	0	0	0
5	64	96	16	4	1	1	0	0	0	0

#Disparadores
#tipo	x	y	z	t.proy.	patron	direc.	veloc.	paso.	activo	id	id_enlac.
13	32	120	24	5	5	4	64	0	0	3	6
13	32	136	24	5	5	4	64	0	0	3	0
13	32	152	24	5	5	4	64	0	0	3	0

#Palancas
#tipo	x	y	z	cadena	id	t.cond	cadena.cond
7	70	133	16	176	0	0	0
7	54	86	16	177	0	0	0

#Sonido: palanca
#tipo	x	y	z	t.repr.	id_snd	volum	pan	param1	param2	activo	id
4	0	0	0	1	50	40	127	0	0	0	5

#Sonido: dardos y llamas
4	0	0	0	1	57	64	127	0	0	0	6
4	0	0	0	2	55	32	127	0	0	0	4

################################################################################
[F] 
################################################################################

#Bonus...
14	20	117	48	4
14	20	132	48	4
14	20	148	48	4
