#Sala secreta de sala 57
#w	h	d	id_sala	cam.est secreta
17	14	8	93	0	1

################################################################################
[F]
###############################################################################
#x	y	z	comp	rep	id	pla
*	*	*	0	0	0	0
*	*	0	4	-	-	-

#Muros invisibles
1|2	1|7	0|4	1	-	-	-
1|2	1|2	0|6	1	-	-	-
3|11	1	0|6	1	-	-	-
14|15	1|7	0|4	1	-	-	-

#Suelos
3|13	1|7	0	-	6	-	-

14|15	1|7	4	1	205	-	1
1|2	4|7	4	1	68	-	0
1|11	1	6	1	4	-	0

#Plataformas
5	5	0	1	0	-	-
5	5	1	1	20	-	1
5	5	2	1	20	-	1
5	5	3	1	76	-	1
5	5	4	1	4	-	1
5	5	5	1	47	2	1
5	5	6	1	132	2	1

8	5	0	1	0	-	-
8	5	1	1	20	-	1
8	5	2	1	20	-	1
8	5	3	1	76	-	1
8	5	4	1	196	5	1
8	5	5	1	47	1	1
8	5	6	1	132	1	1

11	5	0	1	0	-	-
11	5	1	1	20	-	1
11	5	2	1	20	-	1
11	5	3	1	76	-	1
11	5	4	1	196	6	1

#Columnas

1|15	1|2	13	1	20	-	1

1	2	12	1	221	-	1

5	2	0	1	0	-	-
4	2	12	1	222	-	1
6	2	12	1	221	-	1
5	2	1|13	1	20	-	1
5	2	4	1	76	-	1
5	2	5	1	46	-	1
5	2	6	1	223	-	1

8	2	0	1	0	-	-
7	2	12	1	222	-	1
8	2	1|13	1	20	-	1
9	2	12	1	221	-	1
8	2	4	1	76	-	1
8	2	5	1	46	-	1
8	2	6	1	223	-	1

11	2	0	1	0	-	-
10	2	12	1	222	-	1
11	2	1|13	1	20	-	1
12	2	12	1	221	-	1
11	2	4	1	76	-	1
11	2	5	1	46	-	1
11	2	6	1	223	-	1

#Muro norte
*	0	*	1	-	-	-
1|15	0	1|13	-	10	-	-

#Muro oeste
0	*	*	1	-	-	-
0	1|7	4|13	-	10	-	-
0	7	1|4	-	10	-	-

#Muro este
16	*	*	1	-	-	-
16	5	4	1	205	-	1
16	5	5|6	0	0	-	-

#Paredes
1	7	1|3	-	10	-	-
2	1|7	1|3	-	10	-	-
2	1|3	4	-	68	-	-
2	2	5	-	4	-	-

14|15	7	1|3	-	20	-	-
15	1|6	1|3	-	20	-	-

#Adornos

#Rampas y topes
1|2	3	5	12	35	-	-
1|2	2	5	3	-	-	-

1|2	2	6	12	35	-	-
1|2	1	6	3	-	-	-

#Tapas y junturas
3	1	5	-	134	-	-
0	0	13	-	10	-	-

##############################################################################
[F]
################################################################################
#Entradas
1	259 	83	80	1

#Salidas
#tipo	x	y	z	w	d	h	entr	sala
2	271	80	80	1	16	1	3	57

#Marcas salidas
14	280	80	80	111

#Interruptores contacto
#tipo	x	y	z	w	h	d	id_in	id_out	repet.	activo	id
16	176	80	80	16	1	16	225	0	0	1	0
16	128	80	80	16	1	16	232	0	0	1	0

#Disparadores
#tipo	x	y	z	t.proy.	patron	direc.	veloc.	paso.	activo	id	id_enlac.
13	144	88	88	5	4	4	80	0	0	3	8
13	182	48	88	1	4	2	80	0	0	3	0

13	96	88	88	5	4	4	80	0	0	4	8
13	136	48	88	1	4	2	80	0	0	4	0

13	88	48	88	1	5	2	80	0	0	7	8

#Sonido ambiente lava
#tipo	x	y	z	t.repr.	id_snd	volum	pan	param1	param2	activo	id
4	0	0	0	2	58	32	127	0	0	1	0

#Sonido dardos y clonk de desaparecer bloques
4	0	0	0	1	57	64	127	0	0	0	8
4	0	0	0	1	51	112	127	0	0	0	9

################################################################################
[F] 
################################################################################

#Bonus...
14	24	93	80	4
14	32	106	80	4
14	23	23	112	4
