#Laberinto...
#w	h	d	id_sala	cam.est secreta
12	10	12	98	1	1

################################################################################
[F]
###############################################################################
#x	y	z	comp	rep	id	pla
*	*	*	0	0	0	0

#Muros invisibles
1|10	5|6	*	1	-	-	-
5|6	1|10	*	1	-	-	-

#Muro norte
*	0	*	1	-	-	-
1|10	0	2|5	-	247	-	1

#Muro oeste
0	*	*	1	-	-	-
0	1|10	2|5	-	247	-	1

#Muro sur
*	11	*	1	-	-	-

#Muro este
11	*	*	1	-	-	-

#Paredes

1|10	5|6	2|3	1	247	-	1
5|6	1|10	2|3	1	247	-	1

#Suelos
1|10	1|10	1	1	85	-	1

2|3	2|3	1	0	0	-	-
8|9	2|3	1	0	0	-	-
2|3	8|9	1	0	0	-	-
8|9	8|9	1	0	0	-	-

2|3	2|3	0	5	79	-	-
8|9	2|3	0	5	79	-	-
2|3	8|9	0	5	79	-	-
8|9	8|9	0	5	79	-	-

#Puertas
8	11	2|3	0	0	-	-
8	11	1	1	85	-	1

6	7|9	4	1	247	-	1
6	8	2|3	0	0	-	-
6	8	1	1	85	-	1

7|9	6	4	1	247	-	1
8	6	2|3	0	0	-	-
8	6	1	1	85	-	1

11	8	2|3	0	0	-	-
11	8	1	1	85	-	1

0	8	2|3	0	0	-	-
0	8	1	1	85	-	1

2|4	6	4	1	247	-	1
3	6	2|3	0	0	-	-
3	6	1	1	85	-	1

3	11	2|3	0	0	-	-
3	11	1	1	85	-	1

8	0	2|3	0	0	-	-
8	0	1	1	85	-	1

6	2|4	4	1	247	-	1
6	3	2|3	0	0	-	-
6	3	1	1	85	-	1

11	3	2|3	0	0	-	-
11	3	1	1	85	-	1

0	3	2|3	0	0	-	-
0	3	1	1	85	-	1

3	0	2|3	0	0	-	-
3	0	1	1	85	-	1

#Fuentes...
1	2	1	-	252	-	-
8	1	1	-	252	-	-
2	7	1	-	252	-	-
8	7	1	-	252	-	-

#Rampas y topes

#Tapas y junturas
0	0	5	-	247	-	-

##############################################################################
[F]
################################################################################
#Entradas
1	132	180	32	1
1	181	132	32	2
1	4	132	32	3
1	52	180	32	4
1	132	4	32	5
1	4	51	32	6
1	181	51	32	7
1	52	4	32	8

#Salidas
#tipo	x	y	z	w	d	h	entr	sala
2	128	191	32	16	1	1	2	97
2	96	128	32	1	16	1	2	98
2	128	96	32	16	1	1	1	98
2	191	128	32	1	16	1	3	98
2	0	128	32	1	16	1	2	98
2	48	96	32	16	1	1	4	98
2	48	191	32	16	1	1	5	98
2	128	0	32	16	1	1	1	98
2	96	48	32	1	16	1	2	98
2	191	48	32	1	16	1	6	98
2	0	48	32	1	16	1	7	98
2	48	0	32	16	1	1	1	99

#Marcas salidas
14	128	200	32	112
14	48	200	32	112
14	200	48	32	111
14	200	128	32	111

#Sonido ambiente pájaros y agua
#tipo	x	y	z	t.repr.	id_snd	volum	pan	param1	param2	activo	id
4	0	0	0	3	52	32	127	1000	500	1	0
4	0	0	0	3	53	32	127	1000	500	1	0
4	0	0	0	2	65	8	127	0	0	1	0


################################################################################
[F] 
################################################################################
