#Distribuidor minas.
#w	h	d	id_sala	cam.est secreta
17	9	13	128	0	0

################################################################################
[F]
################################################################################

#x	y	z	comp	rep	id	pla
*	*	*	0	0	0	0

#Muros invisibles

0|6	5|12	*	1	-	-	-
11|16	5|12	*	1	-	-	-

7|10	9|11	0	1	-	-	-

7|10	5|8	1	1	-	-	-
12|16	1|4	1	1	-	-	-

6|11	1|4	2	1	-	-	-

1|5	1|4	3	1	-	-	-

#Suelos
7|10	9|11	0	-	3	-	-

7|10	6|7	1	-	3	-	-
13|16	1|4	1	-	3	-	-

6|11	1|4	2	-	3	-	-

1|4	1|4	3	-	3	-	-

#Plataformas

#Muro norte
*	0	*	1	-	-	-

1|16	0	8	-	187	-	-
1|16	0	4|7	-	20	-	-
5|16	0	3	-	20	-	-
12|16	0	2	-	20	-	-

3|4	0	4|7	-	189	-	1
3	0	3	-	3	-	-
3	0	4|5	0	0	-	-

15	0	4|5	-	189	-	1
16	0	2|8	-	-	-	1
15	0	1	-	3	-	-
15	0	2|3	0	0	-	-

8	0	3|5	-	41	1	-
9	0	3|5	-	42	1	-
7	0	3|6	-	4	-	-
8|9	0	6	-	162	-	1
10	0	3|6	-	162	-	1

#Muro oeste
0	*	*	1	-	-	-

0	1|4	4|7	-	20	-	-
0	1|4	8	-	187	-	-

#Muro sur
*	12	*	1	-	-	-
8	12	0	1	3	-	-
8	12	1|2	0	0	-	-

#Paredes
6	5|11	3	-	187	-	1
6	5|11	2	-	20	-	1
6	8|11	1	-	20	-	1

#Rampas y topes
7|10	8	1	12	97	-	1
7|10	7	1	3	-	-	-

7|10	5	2	12	97	-	1S
7|10	4	2	3	-	-	-

5	1|4	3	11	96	-	-
4	1|4	3	3	-	-	-

12	1|4	2	11	96	-	-
11	1|4	2	3	-	-	-

#Tapas y junturas

10	8	0	-	101	-	-
10	5	1	-	101	-	-
12	4	1	-	127	-	-
5	4	2	-	127	-	-
6	11	0	-	127	-	-
0	4	3	-	222	-	-
16	0	1	-	260	-	-

#Columnas

#Deco
4	1|4	3	-	59	-	-
6	1|4	2	-	59	-	-
11	1|4	2	-	59	-	-
13	1|4	1	-	59	-	-

8|9	0|3	2	-	205	-	-

################################################################################
[F]
################################################################################

#Entradas
1	130	195	16	1
1	52	4	64	2
1	243	4	32	3
1	139	4	48	4

#Salidas
#tipo	x	y	z	w	d	h	entr	sala
2	128	207	16	16	1	1	2	125
2	48	0	64	16	1	1	1	129
2	240	0	32	16	1	1	1	130
2	128	0	48	32	1	1	1	143

#Marcas salidas
14	128	216	16	112

#Deco
14	33	16	124	58
14	33	22	114	38

14	66	16	124	58
14	66	22	114	38

14	116	16	124	58
14	116	22	114	38

14	163	16	124	58
14	163	22	114	38

14	227	16	124	58
14	227	22	114	38

14	259	16	124	58
14	259	22	114	38

#5 - Alternador actor genérico
#tipo	x	y	z	id	t.actor	patron	paso	activo	id_on	id_off
5	64	16	64	0	69	5	0	1	1	2
5	64	32	64	0	69	5	0	1	0	0
5	64	48	64	0	69	5	0	1	0	0
5	64	64	64	0	69	5	0	1	0	0

5	96	16	48	0	69	5	0	1	0	0
5	96	32	48	0	69	5	0	1	0	0
5	96	48	48	0	69	5	0	1	0	0
5	96	64	48	0	69	5	0	1	0	0

5	176	16	48	0	69	5	0	1	0	0
5	176	32	48	0	69	5	0	1	0	0
5	176	48	48	0	69	5	0	1	0	0
5	176	64	48	0	69	5	0	1	0	0

5	208	16	32	0	69	5	0	1	0	0
5	208	32	32	0	69	5	0	1	0	0
5	208	48	32	0	69	5	0	1	0	0
5	208	64	32	0	69	5	0	1	0	0

#Sonido llamas
#4 - Reproductor_audio, vol 0-128 pan 0-255
#tipo	x	y	z	t.repr.	id_snd	volum	pan	param1	param2	activo	id
4	0	0	0	1	62	64	127	0	0	0	1
4	0	0	0	1	61	64	127	0	0	0	2

################################################################################
[F]
################################################################################
