#Sala palanca minas
#w	h	d	id_sala	cam.est secreta
9	9	14	129	0	0

################################################################################
[F]
################################################################################

#x	y	z	comp	rep	id	pla
*	*	*	0	0	0	0

#Muros invisibles
3|5	3|13	*	1	-	-	-
1|4	10|13	*	1	-	-	-

6|8	11|12	0	1	-	-	-
6|8	10	0|1	1	-	-	-
6|8	1|9	0|2	1	-	-	-
1|5	1|2	0|2	1	-	-	-
1|2	3|6	0|2	1	-	-	-

1|2	7	0|3	1	-	-	-

1|2	8|9	0|4	1	-	-	-
6	12	0|4	1	-	-	-

#Suelos

6|8	11|12	0	-	3	-	-

1|8	1|2	2	-	59	-	-
1|2	3|5	2	-	59	-	-
6|8	3|8	2	-	59	-	-

1|2	8|9	4	-	3	-	-
6	12	4	-	270	-	1

#Plataformas
1	9	5	1	269	-	1

#Muro norte
*	0	*	1	-	-	-
1|8	0	3|6	-	2	-	-
1|8	0	7	-	100	-	-
8	0	0|2	-	2	-	-

#Muro oeste
0	*	*	1	-	-	-
0	8|9	7	-	66	-	-
0	8|9	5|6	-	4	-	-

0	1|7	7	-	100	-	-
0	1|7	3|6	-	2	-	-

#Muro sur
*	13	*	1	-	-	-
8	13	0	1	3	-	-
8	13	1|2	0	0	-	-

#Paredes

6	12	1|3	-	4	-	1

5	3|8	3|4	-	2	-	1
5	3|8	5	-	100	-	1

5	9|12	5	-	66	-	1
5	9|12	1|4	-	4	-	1

8	1|8	0|1	-	2	-	-

#Rampas y topes

6|8	10	1	12	97	-	1
6|8	9	1	3	-	-	-

6|8	9	2	12	97	-	1
6|8	8	2	3	-	-	-

1|2	6	3	13	98	-	-
1|2	7	3	3	-	-	-

1|2	7	4	13	98	-	-
1|2	8	4	3	-	-	-

1	8	5	13	98	-	-
1	9	5	3	-	-	-

#Tapas y junturas
2	6	2	-	125	-	-
2	7	3	-	125	-	-
8	9	1	-	3	-	-
8	9|10	0	-	3	-	-
5	12	0	-	127	-	-
0	9	4	-	127	-	-

#Columnas

#Deco

7	6	2	-	193	-	-
8	2	2	-	193	-	-
4	1	2	-	193	-	-
2	3	2	-	193	-	-

#Secreto
4|5	0	3|5	-	172	-	1
4	0	3	-	171	10	-
4	0	2	-	2	-	-

################################################################################
[F]
################################################################################

#Entradas
1	132	211	16	1
1	67	4	48	2

#Salidas
#tipo	x	y	z	w	d	h	entr	sala
2	128	223	16	16	1	1	2	128
2	64	0	48	16	1	1	1	186

#Marcas salidas
14	128	232	16	112

#5 - Alternador actor genérico
#tipo	x	y	z	id	t.actor	patron	paso	activo	id_on	id_off
5	16	16	48	0	69	5	0	1	1	2
5	16	32	48	0	69	5	0	1	0	0
5	16	48	48	0	69	5	0	1	0	0
5	16	64	48	0	69	5	0	1	0	0
5	16	80	48	0	69	5	0	1	0	0

5	32	16	48	0	69	5	0	1	0	0
5	32	32	48	0	69	5	0	1	0	0
#5	32	48	48	0	69	5	0	1	0	0
5	32	64	48	0	69	5	0	1	0	0
5	32	80	48	0	69	5	0	1	0	0

5	48	16	48	0	69	5	0	1	0	0
5	48	32	48	0	69	5	0	1	0	0

5	64	32	48	0	69	5	0	1	0	0

5	80	16	48	0	69	5	0	1	0	0
5	80	32	48	0	69	5	0	1	0	0

5	96	16	48	0	69	5	0	1	1	2
5	96	32	48	0	69	5	0	1	0	0
5	96	48	48	0	69	5	0	1	0	0
5	96	64	48	0	69	5	0	1	0	0
5	96	80	48	0	69	5	0	1	0	0
5	96	96	48	0	69	5	0	1	0	0
5	96	112	48	0	69	5	0	1	0	0
5	96	128	48	0	69	5	0	1	0	0

5	112	16	48	0	69	5	0	1	1	2
5	112	32	48	0	69	5	0	1	0	0
5	112	48	48	0	69	5	0	1	0	0
5	112	64	48	0	69	5	0	1	0	0
5	112	80	48	0	69	5	0	1	0	0
#5	112	96	48	0	69	5	0	1	0	0
5	112	112	48	0	69	5	0	1	0	0
5	112	128	48	0	69	5	0	1	0	0

5	128	16	48	0	69	5	0	1	1	2
#5	128	32	48	0	69	5	0	1	0	0
5	128	48	48	0	69	5	0	1	0	0
5	128	64	48	0	69	5	0	1	0	0
5	128	80	48	0	69	5	0	1	0	0
5	128	96	48	0	69	5	0	1	0	0
5	128	112	48	0	69	5	0	1	0	0
5	128	128	48	0	69	5	0	1	0	0


#Sonido llamas y palanca, secreto
#4 - Reproductor_audio, vol 0-128 pan 0-255
#tipo	x	y	z	t.repr.	id_snd	volum	pan	param1	param2	activo	id
4	0	0	0	1	62	64	127	0	0	0	1
4	0	0	0	1	61	64	127	0	0	0	2
4	0	0	0	1	50	64	127	0	0	0	3
4	0	0	0	1	56	128	127	0	0	0	11

#17 [*]  - Teletransportador
#tipo	x	y	z	id_tel.	id_destino
17	16	144	96	1	2
17	96	192	80	2	1

################################################################################
[F]
################################################################################

#7 - Interruptor no repetible
#tipo	x	y	z	cadena	id	t.cond	c.cond
7	36	149	80	365	0	0	0

#Interruptor secreto
#tipo	x	y	z	w	h	d	cadena	secreto t.cond	cadena.cond
8	66	16	48	16	16	1	550	1	0	0

