#Sala trampas al sur de sala 44, con llave. 
#w	h	d	id_sala	cam.est secreta
20	12	7	168	0	0

################################################################################
[F]
################################################################################

#x	y	z	comp	rep	id	pla
*	*	*	0	0	0	0
15|19	5|6	0	1	-	-	-
18|19	3|4	0|3	1	-	-	-
1|3	1|6	0|4	1	-	-	-
4|14	5|6	0|4	1	-	-	-
1	2	0|5	1	-	-	-
4|17	1|4	0|5	1	-	-	-
18|19	1|2	0|5	1	-	-	-
4|5	1|4	0|7	1	-	-	-
1	1	0|7	1	-	-	-

#Muros invisibles
15|19	5|6	0	4	6	-	-

18|19	3|4	3	-	77	-	-

1|3	1|6	4	4	6	-	-
4|14	5|6	4	4	6	-	-
1	1|2	4	0	0	-	-

1	2	5	-	77	-	-
6|17	1|4	5	-	77	-	-
18|19	1|2	5	-	3	-	-

4|5	1|4	7	-	4	-	1
1	1	7	-	4	-	1

#Suelos

#Muro norte
*	0	*	1	-	-	-

1	0	8|11	-	2	-	-
2|3	0	5|11	-	2	-	-
4|5	0	8|11	-	2	-	-
6|19	0	6|11	-	2	-	-
16|18	0	6|8	-	3	-	-
1|19	0	11	-	4	-	-

17	0	8	-	123	-	1
17|18	0	9	-	172	-	1
18	0	6|8	-	123	-	1

17	0	5	-	3	-	-
17	0	6|7	0	0	-	-

#Muro oeste
0	*	*	1	-	-	-
0	1	8|11	-	2	-	-
0	2	6|11	-	2	-	-
0	3|7	5|11	-	2	-	-
0	1|7	11	-	4	-	-

#Paredes
14	5|7	1|4	4	282	-	-
15|17	4	1|4	-	20	-	-
18|19	4	1|2	-	20	-	-

17	3	4	-	20	-	-
18|19	2	4	-	3	-	-

4|5	4	5	-	77	-	-

4	4	6	-	4	-	1
5	1|4	6	-	47	-	1

1	1	5	-	77	-	-
1	1	6	-	87	-	-


#Plataformas
2	6	5	1	20	-	1
10	6	5	1	20	-	1

#Rampas y topes

#Tapas y junturas
19	2	3	-	77	-	-
19	0	5	-	3	-	-
0	0	11	-	4	-	-


#Deco

################################################################################
[F]
################################################################################

#Entradas
1	275	4	96	1

#Salidas
#tipo	x	y	z	w	d	h	entr	sala
2	272	0	96	16	1	1	5	44

#10 - Escalera (flags: 1 tope escalable. 2 base invertir).
#tipo	x	y	z	h	orient	flags	activa	id
10	302	80	32	32	1	1	1	0
14	302	80	32	63
14	302	80	48	63
14	302	80	64	64
14	309	80	64	64

#Rejas...

14	64	80	128	31
14	64	80	144	31

14	80	80	128	31
14	80	80	144	31

14	96	80	96	31
14	96	80	112	31
14	96	80	128	31
14	96	80	144	31

14	112	80	96	31
14	112	80	112	31
14	112	80	128	31
14	112	80	144	31

14	128	80	96	31
14	128	80	112	31
14	128	80	128	31
14	128	80	144	31

14	144	80	96	31
14	144	80	112	31
14	144	80	128	31
14	144	80	144	31

14	160	80	96	31
14	160	80	112	31
14	160	80	128	31
14	160	80	144	31

14	176	80	96	31
14	176	80	112	31
14	176	80	128	31
14	176	80	144	31

14	192	80	96	31
14	192	80	112	31
14	192	80	128	31
14	192	80	144	31

14	208	80	96	31
14	208	80	112	31
14	208	80	128	31
14	208	80	144	31

14	224	80	96	31
14	224	80	112	31
14	224	80	128	31
14	224	80	144	31

14	240	80	96	31
14	240	80	112	31
14	240	80	128	31
14	240	80	144	31

14	256	80	96	31
14	256	80	112	31
14	256	80	128	31
14	256	80	144	31

14	272	80	96	31
14	272	80	112	31
14	272	80	128	31
14	272	80	144	31

14	144	16	96	30
14	144	16	112	30
14	144	16	128	30
14	144	16	144	30

14	144	32	96	30
14	144	32	112	30
14	144	32	128	30
14	144	32	144	30

14	144	48	96	30
14	144	48	112	30
14	144	48	128	30
14	144	48	144	30

14	144	64	96	30
14	144	64	112	30
14	144	64	128	30
14	144	64	144	30

14	192	16	96	30
14	192	16	112	30
14	192	16	128	30
14	192	16	144	30

14	192	32	96	30
14	192	32	112	30
14	192	32	128	30
14	192	32	144	30

14	192	48	96	30
14	192	48	112	30
14	192	48	128	30
14	192	48	144	30

14	192	64	96	30
14	192	64	112	30
14	192	64	128	30
14	192	64	144	30

#14	240	16	96	30
#14	240	16	112	30
14	240	16	128	30
14	240	16	144	30

14	240	32	96	30
14	240	32	112	30
14	240	32	128	30
14	240	32	144	30

14	240	48	96	30
14	240	48	112	30
14	240	48	128	30
14	240	48	144	30

14	240	64	96	30
14	240	64	112	30
14	240	64	128	30
14	240	64	144	30

#Teletransportadores...
#tipo	x	y	z	id_tel.	id_destino
17	208	64	100	1	2
14	208	64	96	91

17	160	16	100	2	1
14	160	16	96	91

17	160	64	100	3	4
14	160	64	96	91

17	112	16	100	4	3
14	112	16	96	91

#13 - Disparador
#tipo	x	y	z	t.proy.	patron	direc.	veloc.	paso.	activo	id	id_enlac.
13	96	22	100	5	30	4	64	0	1	0	1
13	96	38	100	5	30	4	64	2	1	0	1
13	96	54	100	5	30	4	64	4	1	0	1
13	96	70	100	5	30	4	64	6	1	0	1

#4 - Reproductor_audio, vol 0-128 pan 0-255
#tipo	x	y	z	t.repr.	id_snd	volum	pan	param1	param2	activo	id
4	0	0	0	1	57	64	127	0	0	0	1
4	0	0	0	2	58	32	127	0	0	1	0

################################################################################
[F]
################################################################################

#Llave
14	22	22	128	5

#Bonus
14	308	19	96	105
14	308	35	96	105

14	35	101	96	4
14	163	101	96	4
