#Bonus bajo sky gardens.
#w	h	d	id_sala	cam.est secreta
14	12	8	176	1	0

################################################################################
[F]
################################################################################

#x	y	z	comp	rep	id	pla
*	*	*	0	0	0	0
*	*	0	2	-	-	-

#Muros invisibles
2|3	2|6	0|6	1	-	-	-
4|5	2|3	0|6	1	-	-	-
6|7	2|3	0|5	1	-	-	-
8|10	2|3	0|6	1	-	-	-
1	1|6	0|7	1	-	-	-
2|5	1	0|7	1	-	-	-
8|10	1	0|7	1	-	-	-

#Suelos
2|5	2	6	-	13	-	1
2	3|6	6	-	13	-	1
8|9	2	6	-	13	-	1

3|5	3	6	-	4	-	1
3	4|6	6	-	4	-	1
8|10	3	6	-	4	-	1
10	2	6	-	4	-	1

6|7	1|3	5	5	79	-	1

1	1|6	7	-	58	-	1
2|5	1	7	-	58	-	1
8|10	1	7	-	58	-	1

#Cataratas
6|7	3	0|5	5	80	-	1
6|7	0	6|10	5	80	-	1

#Muro oeste
0	*	*	1	-	-	-
0	1|6	0|11	-	4	-	-
0	1|6	0	-	104	-	-

#Muro sur
*	7	*	1	-	-	-
2	7	6	1	5	-	1
2	7	7|8	0	0	-	-

#Soportes...
1	4	5|11	1	58	-	1
5	0|1	5|11	1	58	-	1
8	0|1	5|11	1	58	-	1

#Paredes

#Rampas y topes

#Tapas y junturas
1	6	6	-	58	-	-
10	1	6	-	58	-	1

#Deco
1	6	7	-	283	-	-
1	3	7	-	283	-	-
1	5	7	-	284	-	-
1	2	7	-	284	-	-
1	1	7	-	285	-	-
3	1	7	-	285	-	-
9	1	7	-	285	-	-
2	1	7	-	286	-	-
4	1	7	-	286	-	-
10	1	7	-	286	-	-


################################################################################
[F]
################################################################################

#Entradas
1	36	116	112	1

#Salidas
#tipo	x	y	z	w	d	h	entr	sala
2	32	127	112	16	1	1	3	54

#Marcas salidas
14	32	136	112	112

#Sonido ambiente viento y agua.
#tipo	x	y	z	t.repr.	id_snd	volum	pan	param1	param2	activo	id
4	0	0	0	2	59	32	127	0	0	1	0
4	0	0	0	2	64	32	127	0	0	1	0
4	0	0	0	2	65	40	127	0	0	1	0

#Deco
14	55	19	128	118
14	60	21	128	119
14	67	22	128	120
14	34	17	128	118
14	28	18	128	119
14	23	23	128	120
14	18	19	128	118
14	33	25	128	119
14	54	27	128	120
14	19	37	128	118
14	19	43	128	119
14	24	46	128	120
14	27	38	128	118
14	39	21	128	119
14	26	56	128	120
14	21	51	128	118
14	19	83	128	119
14	24	86	128	120
14	24	91	128	118
14	18	94	128	119
14	22	95	128	120
14	22	102	128	118
14	147	19	128	119
14	151	17	128	120
14	157	19	128	118
14	157	23	128	119
14	164	20	128	120
14	161	24	128	118

14	151	36	112	14


################################################################################
[F]
################################################################################

#Bonus
14	165	41	112	4
14	158	49	112	4
14	145	51	112	4
14	134	47	112	4

14	57	40	112	105
14	64	43	112	105
14	50	48	112	105

