#Sala tras puzzle en sala 32
#w	h	d	id_sala	cam.est secreta
10	6	8	198	1	0

################################################################################
[F]
################################################################################

#x	y	z	comp	rep	id	pla
*	*	*	0	0	0	0
*	*	0	5	-	-	-

#Muros invisibles
2|8	2|6	0|1	1	-	-	-
2	2	0|4	1	-	-	-
8	2	0|4	1	-	-	-
2	6	0|4	1	-	-	-
8	6	0|4	1	-	-	-
4	1	0|1	1	-	-	-

#Suelos
1|9	1	0	-	79	-	-
1|9	7	0	-	79	-	-
1	2|6	0	-	79	-	-
9	2|6	0	-	79	-	-
4	1	1	-	85	-	1
2|8	2|6	1	-	85	-	1
3|7	3|5	1	-	54	-	1


#Muro norte
*	0	*	1	-	-	-
1|9	0	1|5	-	20	-	1
4	0	2|3	0	0	-	-
4	0	1	-	85	-	-
1|3	0	1	-	3	-	-
3	0	2|4	-	3	-	-
4	0	4	-	3	-	-
5	0	2|4	-	3	-	-
5|9	0	1	-	3	-	-


#Muro oeste
0	*	*	1	-	-	-
0	0|7	1|5	-	20	-	-
0	0|7	1	-	3	-	-

#Paredes
2	2	2	-	287	-	1
2	2	3|4	-	288	-	1
2	2	5	-	287	-	1

8	2	2	-	287	-	1
8	2	3|4	-	288	-	1
8	2	5	-	287	-	1

2	6	2	-	287	-	1
2	6	3|4	-	288	-	1
2	6	5	-	287	-	1

8	6	2	-	287	-	1
8	6	3|4	-	288	-	1
8	6	5	-	287	-	1

#Arcos...
2	3	5	-	290	-	1
2	4	5	-	291	-	1
2	5	5	-	289	-	1

8	3	5	-	290	-	1
8	4	5	-	291	-	1
8	5	5	-	289	-	1

3	2	5	-	293	-	1
4|6	2	5	-	294	-	1
7	2	5	-	292	-	1

#3	6	5	-	293	-	1
#4|6	6	5	-	294	-	1
#7	6	5	-	292	-	1

#Rampas y topes

#Tapas y junturas

#Deco

################################################################################
[F]
################################################################################

#Entradas
1	66	4	32	1

#Salidas
#tipo	x	y	z	w	d	h	entr	sala
2	64	0	32	16	1	1	9	32

#Rejas
14	63	16	32	128
14	80	16	32	128

14	32	48	32	128
14	32	64	32	128
14	32	80	32	128

14	144	48	32	128
14	144	64	32	128
14	144	80	32	128

14	48	32	32	129
14	80	32	32	129
14	96	32	32	129
14	112	32	32	129

14	48	112	32	129
14	64	112	32	129
14	80	112	32	129
14	96	112	32	129
14	112	112	32	129

#Sonido ambiente.
4	0	0	0	2	64	32	127	0	0	1	0
4	0	0	0	2	65	32	127	0	0	1	0

################################################################################
[F]
################################################################################

#Bonus

14	54	54	32	4
14	70	54	32	4
14	86	54	32	4
14	54	70	32	4
14	70	70	32	4
14	86	70	32	4
14	54	86	32	4
14	70	86	32	4
14	86	86	32	4

14	125	54	32	105
14	125	66	32	105
14	125	78	32	105

